650000 2685000 99
650000 2686122.44897959 99
650000 2687244.89795918 99
650000 2688367.34693878 99
650000 2689489.79591837 99
650000 2690612.24489796 99
650000 2691734.69387755 99
650000 2692857.14285714 99
650000 2693979.59183673 99
650000 2695102.04081633 99
650000 2696224.48979592 99
650000 2697346.93877551 99
650000 2698469.3877551 99
650000 2699591.83673469 99
650000 2700714.28571429 99
650000 2701836.73469388 99
650000 2702959.18367347 99
650000 2704081.63265306 99
650000 2705204.08163265 99
650000 2706326.53061224 99
650000 2707448.97959184 99
650000 2708571.42857143 99
650000 2709693.87755102 99
650000 2710816.32653061 99
650000 2711938.7755102 99
650000 2713061.2244898 99
650000 2714183.67346939 99
650000 2715306.12244898 99
650000 2716428.57142857 99
650000 2717551.02040816 99
650000 2718673.46938776 99
650000 2719795.91836735 99
650000 2720918.36734694 99
650000 2722040.81632653 99
650000 2723163.26530612 99
650000 2724285.71428571 99
650000 2725408.16326531 99
650000 2726530.6122449 99
650000 2727653.06122449 99
650000 2728775.51020408 99
650000 2729897.95918367 99
650000 2731020.40816327 99
650000 2732142.85714286 99
650000 2733265.30612245 99
650000 2734387.75510204 99
650000 2735510.20408163 99
650000 2736632.65306122 99
650000 2737755.10204082 99
650000 2738877.55102041 99
650000 2740000 99
651324.489795918 2685000 99
651324.489795918 2686122.44897959 99
651324.489795918 2687244.89795918 99
651324.489795918 2688367.34693878 99
651324.489795918 2689489.79591837 99
651324.489795918 2690612.24489796 99
651324.489795918 2691734.69387755 99
651324.489795918 2692857.14285714 99
651324.489795918 2693979.59183673 99
651324.489795918 2695102.04081633 99
651324.489795918 2696224.48979592 99
651324.489795918 2697346.93877551 99
651324.489795918 2698469.3877551 99
651324.489795918 2699591.83673469 99
651324.489795918 2700714.28571429 99
651324.489795918 2701836.73469388 99
651324.489795918 2702959.18367347 99
651324.489795918 2704081.63265306 99
651324.489795918 2705204.08163265 99
651324.489795918 2706326.53061224 99
651324.489795918 2707448.97959184 99
651324.489795918 2708571.42857143 99
651324.489795918 2709693.87755102 99
651324.489795918 2710816.32653061 99
651324.489795918 2711938.7755102 99
651324.489795918 2713061.2244898 99
651324.489795918 2714183.67346939 99
651324.489795918 2715306.12244898 99
651324.489795918 2716428.57142857 99
651324.489795918 2717551.02040816 99
651324.489795918 2718673.46938776 99
651324.489795918 2719795.91836735 99
651324.489795918 2720918.36734694 99
651324.489795918 2722040.81632653 99
651324.489795918 2723163.26530612 99
651324.489795918 2724285.71428571 99
651324.489795918 2725408.16326531 99
651324.489795918 2726530.6122449 99
651324.489795918 2727653.06122449 99
651324.489795918 2728775.51020408 99
651324.489795918 2729897.95918367 99
651324.489795918 2731020.40816327 99
651324.489795918 2732142.85714286 99
651324.489795918 2733265.30612245 99
651324.489795918 2734387.75510204 99
651324.489795918 2735510.20408163 99
651324.489795918 2736632.65306122 99
651324.489795918 2737755.10204082 99
651324.489795918 2738877.55102041 99
651324.489795918 2740000 99
652648.979591837 2685000 99
652648.979591837 2686122.44897959 99
652648.979591837 2687244.89795918 99
652648.979591837 2688367.34693878 99
652648.979591837 2689489.79591837 99
652648.979591837 2690612.24489796 99
652648.979591837 2691734.69387755 99
652648.979591837 2692857.14285714 99
652648.979591837 2693979.59183673 99
652648.979591837 2695102.04081633 99
652648.979591837 2696224.48979592 99
652648.979591837 2697346.93877551 99
652648.979591837 2698469.3877551 99
652648.979591837 2699591.83673469 99
652648.979591837 2700714.28571429 99
652648.979591837 2701836.73469388 99
652648.979591837 2702959.18367347 99
652648.979591837 2704081.63265306 99
652648.979591837 2705204.08163265 99
652648.979591837 2706326.53061224 99
652648.979591837 2707448.97959184 99
652648.979591837 2708571.42857143 99
652648.979591837 2709693.87755102 99
652648.979591837 2710816.32653061 99
652648.979591837 2711938.7755102 99
652648.979591837 2713061.2244898 99
652648.979591837 2714183.67346939 99
652648.979591837 2715306.12244898 99
652648.979591837 2716428.57142857 99
652648.979591837 2717551.02040816 99
652648.979591837 2718673.46938776 99
652648.979591837 2719795.91836735 99
652648.979591837 2720918.36734694 99
652648.979591837 2722040.81632653 99
652648.979591837 2723163.26530612 99
652648.979591837 2724285.71428571 99
652648.979591837 2725408.16326531 99
652648.979591837 2726530.6122449 99
652648.979591837 2727653.06122449 99
652648.979591837 2728775.51020408 99
652648.979591837 2729897.95918367 99
652648.979591837 2731020.40816327 99
652648.979591837 2732142.85714286 99
652648.979591837 2733265.30612245 99
652648.979591837 2734387.75510204 99
652648.979591837 2735510.20408163 99
652648.979591837 2736632.65306122 99
652648.979591837 2737755.10204082 99
652648.979591837 2738877.55102041 99
652648.979591837 2740000 99
653973.469387755 2685000 99
653973.469387755 2686122.44897959 99
653973.469387755 2687244.89795918 99
653973.469387755 2688367.34693878 99
653973.469387755 2689489.79591837 99
653973.469387755 2690612.24489796 99
653973.469387755 2691734.69387755 99
653973.469387755 2692857.14285714 99
653973.469387755 2693979.59183673 99
653973.469387755 2695102.04081633 99
653973.469387755 2696224.48979592 99
653973.469387755 2697346.93877551 99
653973.469387755 2698469.3877551 99
653973.469387755 2699591.83673469 99
653973.469387755 2700714.28571429 99
653973.469387755 2701836.73469388 99
653973.469387755 2702959.18367347 99
653973.469387755 2704081.63265306 99
653973.469387755 2705204.08163265 99
653973.469387755 2706326.53061224 99
653973.469387755 2707448.97959184 99
653973.469387755 2708571.42857143 99
653973.469387755 2709693.87755102 99
653973.469387755 2710816.32653061 99
653973.469387755 2711938.7755102 99
653973.469387755 2713061.2244898 99
653973.469387755 2714183.67346939 99
653973.469387755 2715306.12244898 99
653973.469387755 2716428.57142857 99
653973.469387755 2717551.02040816 99
653973.469387755 2718673.46938776 99
653973.469387755 2719795.91836735 99
653973.469387755 2720918.36734694 99
653973.469387755 2722040.81632653 99
653973.469387755 2723163.26530612 99
653973.469387755 2724285.71428571 99
653973.469387755 2725408.16326531 99
653973.469387755 2726530.6122449 99
653973.469387755 2727653.06122449 99
653973.469387755 2728775.51020408 99
653973.469387755 2729897.95918367 99
653973.469387755 2731020.40816327 99
653973.469387755 2732142.85714286 99
653973.469387755 2733265.30612245 99
653973.469387755 2734387.75510204 99
653973.469387755 2735510.20408163 99
653973.469387755 2736632.65306122 99
653973.469387755 2737755.10204082 99
653973.469387755 2738877.55102041 99
653973.469387755 2740000 99
655297.959183673 2685000 99
655297.959183673 2686122.44897959 99
655297.959183673 2687244.89795918 99
655297.959183673 2688367.34693878 99
655297.959183673 2689489.79591837 99
655297.959183673 2690612.24489796 99
655297.959183673 2691734.69387755 99
655297.959183673 2692857.14285714 99
655297.959183673 2693979.59183673 99
655297.959183673 2695102.04081633 99
655297.959183673 2696224.48979592 99
655297.959183673 2697346.93877551 99
655297.959183673 2698469.3877551 99
655297.959183673 2699591.83673469 99
655297.959183673 2700714.28571429 99
655297.959183673 2701836.73469388 99
655297.959183673 2702959.18367347 99
655297.959183673 2704081.63265306 99
655297.959183673 2705204.08163265 99
655297.959183673 2706326.53061224 99
655297.959183673 2707448.97959184 99
655297.959183673 2708571.42857143 99
655297.959183673 2709693.87755102 99
655297.959183673 2710816.32653061 99
655297.959183673 2711938.7755102 99
655297.959183673 2713061.2244898 99
655297.959183673 2714183.67346939 99
655297.959183673 2715306.12244898 99
655297.959183673 2716428.57142857 99
655297.959183673 2717551.02040816 99
655297.959183673 2718673.46938776 99
655297.959183673 2719795.91836735 99
655297.959183673 2720918.36734694 99
655297.959183673 2722040.81632653 99
655297.959183673 2723163.26530612 99
655297.959183673 2724285.71428571 99
655297.959183673 2725408.16326531 99
655297.959183673 2726530.6122449 99
655297.959183673 2727653.06122449 99
655297.959183673 2728775.51020408 99
655297.959183673 2729897.95918367 99
655297.959183673 2731020.40816327 99
655297.959183673 2732142.85714286 99
655297.959183673 2733265.30612245 99
655297.959183673 2734387.75510204 99
655297.959183673 2735510.20408163 99
655297.959183673 2736632.65306122 99
655297.959183673 2737755.10204082 99
655297.959183673 2738877.55102041 99
655297.959183673 2740000 99
656622.448979592 2685000 99
656622.448979592 2686122.44897959 99
656622.448979592 2687244.89795918 99
656622.448979592 2688367.34693878 99
656622.448979592 2689489.79591837 99
656622.448979592 2690612.24489796 99
656622.448979592 2691734.69387755 99
656622.448979592 2692857.14285714 99
656622.448979592 2693979.59183673 99
656622.448979592 2695102.04081633 99
656622.448979592 2696224.48979592 99
656622.448979592 2697346.93877551 99
656622.448979592 2698469.3877551 99
656622.448979592 2699591.83673469 99
656622.448979592 2700714.28571429 99
656622.448979592 2701836.73469388 99
656622.448979592 2702959.18367347 99
656622.448979592 2704081.63265306 99
656622.448979592 2705204.08163265 99
656622.448979592 2706326.53061224 99
656622.448979592 2707448.97959184 99
656622.448979592 2708571.42857143 99
656622.448979592 2709693.87755102 99
656622.448979592 2710816.32653061 99
656622.448979592 2711938.7755102 99
656622.448979592 2713061.2244898 99
656622.448979592 2714183.67346939 99
656622.448979592 2715306.12244898 99
656622.448979592 2716428.57142857 99
656622.448979592 2717551.02040816 99
656622.448979592 2718673.46938776 99
656622.448979592 2719795.91836735 99
656622.448979592 2720918.36734694 99
656622.448979592 2722040.81632653 99
656622.448979592 2723163.26530612 99
656622.448979592 2724285.71428571 99
656622.448979592 2725408.16326531 99
656622.448979592 2726530.6122449 99
656622.448979592 2727653.06122449 99
656622.448979592 2728775.51020408 99
656622.448979592 2729897.95918367 99
656622.448979592 2731020.40816327 99
656622.448979592 2732142.85714286 99
656622.448979592 2733265.30612245 99
656622.448979592 2734387.75510204 99
656622.448979592 2735510.20408163 99
656622.448979592 2736632.65306122 99
656622.448979592 2737755.10204082 99
656622.448979592 2738877.55102041 99
656622.448979592 2740000 99
657946.93877551 2685000 99
657946.93877551 2686122.44897959 99
657946.93877551 2687244.89795918 99
657946.93877551 2688367.34693878 99
657946.93877551 2689489.79591837 99
657946.93877551 2690612.24489796 99
657946.93877551 2691734.69387755 99
657946.93877551 2692857.14285714 99
657946.93877551 2693979.59183673 99
657946.93877551 2695102.04081633 99
657946.93877551 2696224.48979592 99
657946.93877551 2697346.93877551 99
657946.93877551 2698469.3877551 99
657946.93877551 2699591.83673469 99
657946.93877551 2700714.28571429 99
657946.93877551 2701836.73469388 99
657946.93877551 2702959.18367347 99
657946.93877551 2704081.63265306 99
657946.93877551 2705204.08163265 99
657946.93877551 2706326.53061224 99
657946.93877551 2707448.97959184 99
657946.93877551 2708571.42857143 99
657946.93877551 2709693.87755102 99
657946.93877551 2710816.32653061 99
657946.93877551 2711938.7755102 99
657946.93877551 2713061.2244898 99
657946.93877551 2714183.67346939 99
657946.93877551 2715306.12244898 99
657946.93877551 2716428.57142857 99
657946.93877551 2717551.02040816 99
657946.93877551 2718673.46938776 99
657946.93877551 2719795.91836735 99
657946.93877551 2720918.36734694 99
657946.93877551 2722040.81632653 99
657946.93877551 2723163.26530612 99
657946.93877551 2724285.71428571 99
657946.93877551 2725408.16326531 99
657946.93877551 2726530.6122449 99
657946.93877551 2727653.06122449 99
657946.93877551 2728775.51020408 99
657946.93877551 2729897.95918367 99
657946.93877551 2731020.40816327 99
657946.93877551 2732142.85714286 99
657946.93877551 2733265.30612245 99
657946.93877551 2734387.75510204 99
657946.93877551 2735510.20408163 99
657946.93877551 2736632.65306122 99
657946.93877551 2737755.10204082 99
657946.93877551 2738877.55102041 99
657946.93877551 2740000 99
659271.428571429 2685000 99
659271.428571429 2686122.44897959 99
659271.428571429 2687244.89795918 99
659271.428571429 2688367.34693878 99
659271.428571429 2689489.79591837 99
659271.428571429 2690612.24489796 99
659271.428571429 2691734.69387755 99
659271.428571429 2692857.14285714 99
659271.428571429 2693979.59183673 99
659271.428571429 2695102.04081633 99
659271.428571429 2696224.48979592 99
659271.428571429 2697346.93877551 99
659271.428571429 2698469.3877551 99
659271.428571429 2699591.83673469 99
659271.428571429 2700714.28571429 99
659271.428571429 2701836.73469388 99
659271.428571429 2702959.18367347 99
659271.428571429 2704081.63265306 99
659271.428571429 2705204.08163265 99
659271.428571429 2706326.53061224 99
659271.428571429 2707448.97959184 99
659271.428571429 2708571.42857143 99
659271.428571429 2709693.87755102 99
659271.428571429 2710816.32653061 99
659271.428571429 2711938.7755102 99
659271.428571429 2713061.2244898 99
659271.428571429 2714183.67346939 99
659271.428571429 2715306.12244898 99
659271.428571429 2716428.57142857 99
659271.428571429 2717551.02040816 99
659271.428571429 2718673.46938776 99
659271.428571429 2719795.91836735 99
659271.428571429 2720918.36734694 99
659271.428571429 2722040.81632653 99
659271.428571429 2723163.26530612 99
659271.428571429 2724285.71428571 99
659271.428571429 2725408.16326531 99
659271.428571429 2726530.6122449 99
659271.428571429 2727653.06122449 99
659271.428571429 2728775.51020408 99
659271.428571429 2729897.95918367 99
659271.428571429 2731020.40816327 99
659271.428571429 2732142.85714286 99
659271.428571429 2733265.30612245 99
659271.428571429 2734387.75510204 99
659271.428571429 2735510.20408163 99
659271.428571429 2736632.65306122 99
659271.428571429 2737755.10204082 99
659271.428571429 2738877.55102041 99
659271.428571429 2740000 99
660595.918367347 2685000 99
660595.918367347 2686122.44897959 99
660595.918367347 2687244.89795918 99
660595.918367347 2688367.34693878 99
660595.918367347 2689489.79591837 99
660595.918367347 2690612.24489796 99
660595.918367347 2691734.69387755 99
660595.918367347 2692857.14285714 99
660595.918367347 2693979.59183673 99
660595.918367347 2695102.04081633 99
660595.918367347 2696224.48979592 99
660595.918367347 2697346.93877551 99
660595.918367347 2698469.3877551 99
660595.918367347 2699591.83673469 99
660595.918367347 2700714.28571429 99
660595.918367347 2701836.73469388 99
660595.918367347 2702959.18367347 99
660595.918367347 2704081.63265306 99
660595.918367347 2705204.08163265 99
660595.918367347 2706326.53061224 99
660595.918367347 2707448.97959184 99
660595.918367347 2708571.42857143 99
660595.918367347 2709693.87755102 99
660595.918367347 2710816.32653061 99
660595.918367347 2711938.7755102 99
660595.918367347 2713061.2244898 99
660595.918367347 2714183.67346939 99
660595.918367347 2715306.12244898 99
660595.918367347 2716428.57142857 99
660595.918367347 2717551.02040816 99
660595.918367347 2718673.46938776 99
660595.918367347 2719795.91836735 99
660595.918367347 2720918.36734694 99
660595.918367347 2722040.81632653 99
660595.918367347 2723163.26530612 99
660595.918367347 2724285.71428571 99
660595.918367347 2725408.16326531 99
660595.918367347 2726530.6122449 99
660595.918367347 2727653.06122449 99
660595.918367347 2728775.51020408 99
660595.918367347 2729897.95918367 99
660595.918367347 2731020.40816327 99
660595.918367347 2732142.85714286 99
660595.918367347 2733265.30612245 99
660595.918367347 2734387.75510204 99
660595.918367347 2735510.20408163 99
660595.918367347 2736632.65306122 99
660595.918367347 2737755.10204082 99
660595.918367347 2738877.55102041 99
660595.918367347 2740000 99
661920.408163265 2685000 99
661920.408163265 2686122.44897959 99
661920.408163265 2687244.89795918 99
661920.408163265 2688367.34693878 99
661920.408163265 2689489.79591837 99
661920.408163265 2690612.24489796 99
661920.408163265 2691734.69387755 99
661920.408163265 2692857.14285714 99
661920.408163265 2693979.59183673 99
661920.408163265 2695102.04081633 99
661920.408163265 2696224.48979592 99
661920.408163265 2697346.93877551 99
661920.408163265 2698469.3877551 99
661920.408163265 2699591.83673469 99
661920.408163265 2700714.28571429 99
661920.408163265 2701836.73469388 99
661920.408163265 2702959.18367347 99
661920.408163265 2704081.63265306 99
661920.408163265 2705204.08163265 99
661920.408163265 2706326.53061224 99
661920.408163265 2707448.97959184 99
661920.408163265 2708571.42857143 99
661920.408163265 2709693.87755102 99
661920.408163265 2710816.32653061 99
661920.408163265 2711938.7755102 99
661920.408163265 2713061.2244898 99
661920.408163265 2714183.67346939 99
661920.408163265 2715306.12244898 99
661920.408163265 2716428.57142857 99
661920.408163265 2717551.02040816 99
661920.408163265 2718673.46938776 99
661920.408163265 2719795.91836735 99
661920.408163265 2720918.36734694 99
661920.408163265 2722040.81632653 99
661920.408163265 2723163.26530612 99
661920.408163265 2724285.71428571 99
661920.408163265 2725408.16326531 99
661920.408163265 2726530.6122449 99
661920.408163265 2727653.06122449 99
661920.408163265 2728775.51020408 99
661920.408163265 2729897.95918367 99
661920.408163265 2731020.40816327 99
661920.408163265 2732142.85714286 99
661920.408163265 2733265.30612245 99
661920.408163265 2734387.75510204 99
661920.408163265 2735510.20408163 99
661920.408163265 2736632.65306122 99
661920.408163265 2737755.10204082 99
661920.408163265 2738877.55102041 99
661920.408163265 2740000 99
663244.897959184 2685000 99
663244.897959184 2686122.44897959 99
663244.897959184 2687244.89795918 99
663244.897959184 2688367.34693878 99
663244.897959184 2689489.79591837 99
663244.897959184 2690612.24489796 99
663244.897959184 2691734.69387755 99
663244.897959184 2692857.14285714 99
663244.897959184 2693979.59183673 99
663244.897959184 2695102.04081633 99
663244.897959184 2696224.48979592 99
663244.897959184 2697346.93877551 99
663244.897959184 2698469.3877551 99
663244.897959184 2699591.83673469 99
663244.897959184 2700714.28571429 99
663244.897959184 2701836.73469388 99
663244.897959184 2702959.18367347 99
663244.897959184 2704081.63265306 99
663244.897959184 2705204.08163265 99
663244.897959184 2706326.53061224 99
663244.897959184 2707448.97959184 99
663244.897959184 2708571.42857143 99
663244.897959184 2709693.87755102 99
663244.897959184 2710816.32653061 99
663244.897959184 2711938.7755102 99
663244.897959184 2713061.2244898 99
663244.897959184 2714183.67346939 99
663244.897959184 2715306.12244898 99
663244.897959184 2716428.57142857 99
663244.897959184 2717551.02040816 99
663244.897959184 2718673.46938776 99
663244.897959184 2719795.91836735 99
663244.897959184 2720918.36734694 99
663244.897959184 2722040.81632653 99
663244.897959184 2723163.26530612 99
663244.897959184 2724285.71428571 99
663244.897959184 2725408.16326531 99
663244.897959184 2726530.6122449 99
663244.897959184 2727653.06122449 99
663244.897959184 2728775.51020408 99
663244.897959184 2729897.95918367 99
663244.897959184 2731020.40816327 99
663244.897959184 2732142.85714286 99
663244.897959184 2733265.30612245 99
663244.897959184 2734387.75510204 99
663244.897959184 2735510.20408163 99
663244.897959184 2736632.65306122 99
663244.897959184 2737755.10204082 99
663244.897959184 2738877.55102041 99
663244.897959184 2740000 99
664569.387755102 2685000 99
664569.387755102 2686122.44897959 99
664569.387755102 2687244.89795918 99
664569.387755102 2688367.34693878 99
664569.387755102 2689489.79591837 99
664569.387755102 2690612.24489796 99
664569.387755102 2691734.69387755 99
664569.387755102 2692857.14285714 99
664569.387755102 2693979.59183673 99
664569.387755102 2695102.04081633 99
664569.387755102 2696224.48979592 99
664569.387755102 2697346.93877551 99
664569.387755102 2698469.3877551 99
664569.387755102 2699591.83673469 99
664569.387755102 2700714.28571429 99
664569.387755102 2701836.73469388 99
664569.387755102 2702959.18367347 99
664569.387755102 2704081.63265306 99
664569.387755102 2705204.08163265 99
664569.387755102 2706326.53061224 99
664569.387755102 2707448.97959184 99
664569.387755102 2708571.42857143 99
664569.387755102 2709693.87755102 99
664569.387755102 2710816.32653061 99
664569.387755102 2711938.7755102 99
664569.387755102 2713061.2244898 99
664569.387755102 2714183.67346939 99
664569.387755102 2715306.12244898 99
664569.387755102 2716428.57142857 99
664569.387755102 2717551.02040816 99
664569.387755102 2718673.46938776 99
664569.387755102 2719795.91836735 99
664569.387755102 2720918.36734694 99
664569.387755102 2722040.81632653 99
664569.387755102 2723163.26530612 99
664569.387755102 2724285.71428571 99
664569.387755102 2725408.16326531 99
664569.387755102 2726530.6122449 99
664569.387755102 2727653.06122449 99
664569.387755102 2728775.51020408 99
664569.387755102 2729897.95918367 99
664569.387755102 2731020.40816327 99
664569.387755102 2732142.85714286 99
664569.387755102 2733265.30612245 99
664569.387755102 2734387.75510204 99
664569.387755102 2735510.20408163 99
664569.387755102 2736632.65306122 99
664569.387755102 2737755.10204082 99
664569.387755102 2738877.55102041 99
664569.387755102 2740000 99
665893.87755102 2685000 99
665893.87755102 2686122.44897959 99
665893.87755102 2687244.89795918 99
665893.87755102 2688367.34693878 99
665893.87755102 2689489.79591837 99
665893.87755102 2690612.24489796 99
665893.87755102 2691734.69387755 99
665893.87755102 2692857.14285714 99
665893.87755102 2693979.59183673 99
665893.87755102 2695102.04081633 99
665893.87755102 2696224.48979592 99
665893.87755102 2697346.93877551 99
665893.87755102 2698469.3877551 99
665893.87755102 2699591.83673469 99
665893.87755102 2700714.28571429 99
665893.87755102 2701836.73469388 99
665893.87755102 2702959.18367347 99
665893.87755102 2704081.63265306 99
665893.87755102 2705204.08163265 99
665893.87755102 2706326.53061224 99
665893.87755102 2707448.97959184 99
665893.87755102 2708571.42857143 99
665893.87755102 2709693.87755102 99
665893.87755102 2710816.32653061 99
665893.87755102 2711938.7755102 99
665893.87755102 2713061.2244898 99
665893.87755102 2714183.67346939 99
665893.87755102 2715306.12244898 99
665893.87755102 2716428.57142857 99
665893.87755102 2717551.02040816 99
665893.87755102 2718673.46938776 99
665893.87755102 2719795.91836735 99
665893.87755102 2720918.36734694 99
665893.87755102 2722040.81632653 99
665893.87755102 2723163.26530612 99
665893.87755102 2724285.71428571 99
665893.87755102 2725408.16326531 99
665893.87755102 2726530.6122449 99
665893.87755102 2727653.06122449 99
665893.87755102 2728775.51020408 99
665893.87755102 2729897.95918367 99
665893.87755102 2731020.40816327 99
665893.87755102 2732142.85714286 99
665893.87755102 2733265.30612245 99
665893.87755102 2734387.75510204 99
665893.87755102 2735510.20408163 99
665893.87755102 2736632.65306122 99
665893.87755102 2737755.10204082 99
665893.87755102 2738877.55102041 99
665893.87755102 2740000 99
667218.367346939 2685000 99
667218.367346939 2686122.44897959 99
667218.367346939 2687244.89795918 99
667218.367346939 2688367.34693878 99
667218.367346939 2689489.79591837 99
667218.367346939 2690612.24489796 99
667218.367346939 2691734.69387755 99
667218.367346939 2692857.14285714 99
667218.367346939 2693979.59183673 99
667218.367346939 2695102.04081633 99
667218.367346939 2696224.48979592 99
667218.367346939 2697346.93877551 99
667218.367346939 2698469.3877551 99
667218.367346939 2699591.83673469 99
667218.367346939 2700714.28571429 99
667218.367346939 2701836.73469388 99
667218.367346939 2702959.18367347 99
667218.367346939 2704081.63265306 99
667218.367346939 2705204.08163265 99
667218.367346939 2706326.53061224 99
667218.367346939 2707448.97959184 99
667218.367346939 2708571.42857143 99
667218.367346939 2709693.87755102 99
667218.367346939 2710816.32653061 99
667218.367346939 2711938.7755102 99
667218.367346939 2713061.2244898 99
667218.367346939 2714183.67346939 99
667218.367346939 2715306.12244898 99
667218.367346939 2716428.57142857 99
667218.367346939 2717551.02040816 99
667218.367346939 2718673.46938776 99
667218.367346939 2719795.91836735 99
667218.367346939 2720918.36734694 99
667218.367346939 2722040.81632653 99
667218.367346939 2723163.26530612 99
667218.367346939 2724285.71428571 99
667218.367346939 2725408.16326531 99
667218.367346939 2726530.6122449 99
667218.367346939 2727653.06122449 99
667218.367346939 2728775.51020408 99
667218.367346939 2729897.95918367 99
667218.367346939 2731020.40816327 99
667218.367346939 2732142.85714286 99
667218.367346939 2733265.30612245 99
667218.367346939 2734387.75510204 99
667218.367346939 2735510.20408163 99
667218.367346939 2736632.65306122 99
667218.367346939 2737755.10204082 99
667218.367346939 2738877.55102041 99
667218.367346939 2740000 99
668542.857142857 2685000 99
668542.857142857 2686122.44897959 99
668542.857142857 2687244.89795918 99
668542.857142857 2688367.34693878 99
668542.857142857 2689489.79591837 99
668542.857142857 2690612.24489796 99
668542.857142857 2691734.69387755 99
668542.857142857 2692857.14285714 99
668542.857142857 2693979.59183673 99
668542.857142857 2695102.04081633 99
668542.857142857 2696224.48979592 99
668542.857142857 2697346.93877551 99
668542.857142857 2698469.3877551 99
668542.857142857 2699591.83673469 99
668542.857142857 2700714.28571429 99
668542.857142857 2701836.73469388 99
668542.857142857 2702959.18367347 99
668542.857142857 2704081.63265306 99
668542.857142857 2705204.08163265 99
668542.857142857 2706326.53061224 99
668542.857142857 2707448.97959184 99
668542.857142857 2708571.42857143 99
668542.857142857 2709693.87755102 99
668542.857142857 2710816.32653061 99
668542.857142857 2711938.7755102 99
668542.857142857 2713061.2244898 99
668542.857142857 2714183.67346939 99
668542.857142857 2715306.12244898 99
668542.857142857 2716428.57142857 99
668542.857142857 2717551.02040816 99
668542.857142857 2718673.46938776 99
668542.857142857 2719795.91836735 99
668542.857142857 2720918.36734694 99
668542.857142857 2722040.81632653 99
668542.857142857 2723163.26530612 99
668542.857142857 2724285.71428571 99
668542.857142857 2725408.16326531 99
668542.857142857 2726530.6122449 99
668542.857142857 2727653.06122449 99
668542.857142857 2728775.51020408 99
668542.857142857 2729897.95918367 99
668542.857142857 2731020.40816327 99
668542.857142857 2732142.85714286 99
668542.857142857 2733265.30612245 99
668542.857142857 2734387.75510204 99
668542.857142857 2735510.20408163 99
668542.857142857 2736632.65306122 99
668542.857142857 2737755.10204082 99
668542.857142857 2738877.55102041 99
668542.857142857 2740000 99
669867.346938776 2685000 99
669867.346938776 2686122.44897959 99
669867.346938776 2687244.89795918 99
669867.346938776 2688367.34693878 99
669867.346938776 2689489.79591837 99
669867.346938776 2690612.24489796 99
669867.346938776 2691734.69387755 99
669867.346938776 2692857.14285714 99
669867.346938776 2693979.59183673 99
669867.346938776 2695102.04081633 99
669867.346938776 2696224.48979592 99
669867.346938776 2697346.93877551 99
669867.346938776 2698469.3877551 99
669867.346938776 2699591.83673469 99
669867.346938776 2700714.28571429 99
669867.346938776 2701836.73469388 99
669867.346938776 2702959.18367347 99
669867.346938776 2704081.63265306 99
669867.346938776 2705204.08163265 99
669867.346938776 2706326.53061224 99
669867.346938776 2707448.97959184 99
669867.346938776 2708571.42857143 99
669867.346938776 2709693.87755102 99
669867.346938776 2710816.32653061 99
669867.346938776 2711938.7755102 99
669867.346938776 2713061.2244898 99
669867.346938776 2714183.67346939 99
669867.346938776 2715306.12244898 99
669867.346938776 2716428.57142857 99
669867.346938776 2717551.02040816 99
669867.346938776 2718673.46938776 99
669867.346938776 2719795.91836735 99
669867.346938776 2720918.36734694 99
669867.346938776 2722040.81632653 99
669867.346938776 2723163.26530612 99
669867.346938776 2724285.71428571 99
669867.346938776 2725408.16326531 99
669867.346938776 2726530.6122449 99
669867.346938776 2727653.06122449 99
669867.346938776 2728775.51020408 99
669867.346938776 2729897.95918367 99
669867.346938776 2731020.40816327 99
669867.346938776 2732142.85714286 99
669867.346938776 2733265.30612245 99
669867.346938776 2734387.75510204 99
669867.346938776 2735510.20408163 99
669867.346938776 2736632.65306122 99
669867.346938776 2737755.10204082 99
669867.346938776 2738877.55102041 99
669867.346938776 2740000 99
671191.836734694 2685000 99
671191.836734694 2686122.44897959 99
671191.836734694 2687244.89795918 99
671191.836734694 2688367.34693878 99
671191.836734694 2689489.79591837 99
671191.836734694 2690612.24489796 99
671191.836734694 2691734.69387755 99
671191.836734694 2692857.14285714 99
671191.836734694 2693979.59183673 99
671191.836734694 2695102.04081633 99
671191.836734694 2696224.48979592 99
671191.836734694 2697346.93877551 99
671191.836734694 2698469.3877551 99
671191.836734694 2699591.83673469 99
671191.836734694 2700714.28571429 99
671191.836734694 2701836.73469388 99
671191.836734694 2702959.18367347 99
671191.836734694 2704081.63265306 99
671191.836734694 2705204.08163265 99
671191.836734694 2706326.53061224 99
671191.836734694 2707448.97959184 99
671191.836734694 2708571.42857143 99
671191.836734694 2709693.87755102 99
671191.836734694 2710816.32653061 99
671191.836734694 2711938.7755102 99
671191.836734694 2713061.2244898 99
671191.836734694 2714183.67346939 99
671191.836734694 2715306.12244898 99
671191.836734694 2716428.57142857 99
671191.836734694 2717551.02040816 99
671191.836734694 2718673.46938776 99
671191.836734694 2719795.91836735 99
671191.836734694 2720918.36734694 99
671191.836734694 2722040.81632653 99
671191.836734694 2723163.26530612 99
671191.836734694 2724285.71428571 99
671191.836734694 2725408.16326531 99
671191.836734694 2726530.6122449 99
671191.836734694 2727653.06122449 99
671191.836734694 2728775.51020408 99
671191.836734694 2729897.95918367 99
671191.836734694 2731020.40816327 99
671191.836734694 2732142.85714286 99
671191.836734694 2733265.30612245 99
671191.836734694 2734387.75510204 99
671191.836734694 2735510.20408163 99
671191.836734694 2736632.65306122 99
671191.836734694 2737755.10204082 99
671191.836734694 2738877.55102041 99
671191.836734694 2740000 99
672516.326530612 2685000 99
672516.326530612 2686122.44897959 99
672516.326530612 2687244.89795918 99
672516.326530612 2688367.34693878 99
672516.326530612 2689489.79591837 99
672516.326530612 2690612.24489796 99
672516.326530612 2691734.69387755 99
672516.326530612 2692857.14285714 99
672516.326530612 2693979.59183673 99
672516.326530612 2695102.04081633 99
672516.326530612 2696224.48979592 99
672516.326530612 2697346.93877551 99
672516.326530612 2698469.3877551 99
672516.326530612 2699591.83673469 99
672516.326530612 2700714.28571429 99
672516.326530612 2701836.73469388 99
672516.326530612 2702959.18367347 99
672516.326530612 2704081.63265306 99
672516.326530612 2705204.08163265 99
672516.326530612 2706326.53061224 99
672516.326530612 2707448.97959184 99
672516.326530612 2708571.42857143 99
672516.326530612 2709693.87755102 99
672516.326530612 2710816.32653061 99
672516.326530612 2711938.7755102 99
672516.326530612 2713061.2244898 99
672516.326530612 2714183.67346939 99
672516.326530612 2715306.12244898 99
672516.326530612 2716428.57142857 99
672516.326530612 2717551.02040816 99
672516.326530612 2718673.46938776 99
672516.326530612 2719795.91836735 99
672516.326530612 2720918.36734694 99
672516.326530612 2722040.81632653 99
672516.326530612 2723163.26530612 99
672516.326530612 2724285.71428571 99
672516.326530612 2725408.16326531 99
672516.326530612 2726530.6122449 99
672516.326530612 2727653.06122449 99
672516.326530612 2728775.51020408 99
672516.326530612 2729897.95918367 99
672516.326530612 2731020.40816327 99
672516.326530612 2732142.85714286 99
672516.326530612 2733265.30612245 99
672516.326530612 2734387.75510204 99
672516.326530612 2735510.20408163 99
672516.326530612 2736632.65306122 99
672516.326530612 2737755.10204082 99
672516.326530612 2738877.55102041 99
672516.326530612 2740000 99
673840.816326531 2685000 99
673840.816326531 2686122.44897959 99
673840.816326531 2687244.89795918 99
673840.816326531 2688367.34693878 99
673840.816326531 2689489.79591837 99
673840.816326531 2690612.24489796 99
673840.816326531 2691734.69387755 99
673840.816326531 2692857.14285714 99
673840.816326531 2693979.59183673 99
673840.816326531 2695102.04081633 99
673840.816326531 2696224.48979592 99
673840.816326531 2697346.93877551 99
673840.816326531 2698469.3877551 99
673840.816326531 2699591.83673469 99
673840.816326531 2700714.28571429 99
673840.816326531 2701836.73469388 99
673840.816326531 2702959.18367347 99
673840.816326531 2704081.63265306 99
673840.816326531 2705204.08163265 99
673840.816326531 2706326.53061224 99
673840.816326531 2707448.97959184 99
673840.816326531 2708571.42857143 99
673840.816326531 2709693.87755102 99
673840.816326531 2710816.32653061 99
673840.816326531 2711938.7755102 99
673840.816326531 2713061.2244898 99
673840.816326531 2714183.67346939 99
673840.816326531 2715306.12244898 99
673840.816326531 2716428.57142857 99
673840.816326531 2717551.02040816 99
673840.816326531 2718673.46938776 99
673840.816326531 2719795.91836735 99
673840.816326531 2720918.36734694 99
673840.816326531 2722040.81632653 99
673840.816326531 2723163.26530612 99
673840.816326531 2724285.71428571 99
673840.816326531 2725408.16326531 99
673840.816326531 2726530.6122449 99
673840.816326531 2727653.06122449 99
673840.816326531 2728775.51020408 99
673840.816326531 2729897.95918367 99
673840.816326531 2731020.40816327 99
673840.816326531 2732142.85714286 99
673840.816326531 2733265.30612245 99
673840.816326531 2734387.75510204 99
673840.816326531 2735510.20408163 99
673840.816326531 2736632.65306122 99
673840.816326531 2737755.10204082 99
673840.816326531 2738877.55102041 99
673840.816326531 2740000 99
675165.306122449 2685000 99
675165.306122449 2686122.44897959 99
675165.306122449 2687244.89795918 99
675165.306122449 2688367.34693878 99
675165.306122449 2689489.79591837 99
675165.306122449 2690612.24489796 99
675165.306122449 2691734.69387755 99
675165.306122449 2692857.14285714 99
675165.306122449 2693979.59183673 99
675165.306122449 2695102.04081633 99
675165.306122449 2696224.48979592 99
675165.306122449 2697346.93877551 99
675165.306122449 2698469.3877551 99
675165.306122449 2699591.83673469 99
675165.306122449 2700714.28571429 99
675165.306122449 2701836.73469388 99
675165.306122449 2702959.18367347 99
675165.306122449 2704081.63265306 99
675165.306122449 2705204.08163265 99
675165.306122449 2706326.53061224 99
675165.306122449 2707448.97959184 99
675165.306122449 2708571.42857143 99
675165.306122449 2709693.87755102 99
675165.306122449 2710816.32653061 99
675165.306122449 2711938.7755102 99
675165.306122449 2713061.2244898 99
675165.306122449 2714183.67346939 99
675165.306122449 2715306.12244898 99
675165.306122449 2716428.57142857 99
675165.306122449 2717551.02040816 99
675165.306122449 2718673.46938776 99
675165.306122449 2719795.91836735 99
675165.306122449 2720918.36734694 99
675165.306122449 2722040.81632653 99
675165.306122449 2723163.26530612 99
675165.306122449 2724285.71428571 99
675165.306122449 2725408.16326531 99
675165.306122449 2726530.6122449 99
675165.306122449 2727653.06122449 99
675165.306122449 2728775.51020408 99
675165.306122449 2729897.95918367 99
675165.306122449 2731020.40816327 99
675165.306122449 2732142.85714286 99
675165.306122449 2733265.30612245 99
675165.306122449 2734387.75510204 99
675165.306122449 2735510.20408163 99
675165.306122449 2736632.65306122 99
675165.306122449 2737755.10204082 99
675165.306122449 2738877.55102041 99
675165.306122449 2740000 99
676489.795918367 2685000 99
676489.795918367 2686122.44897959 99
676489.795918367 2687244.89795918 99
676489.795918367 2688367.34693878 99
676489.795918367 2689489.79591837 99
676489.795918367 2690612.24489796 99
676489.795918367 2691734.69387755 99
676489.795918367 2692857.14285714 99
676489.795918367 2693979.59183673 99
676489.795918367 2695102.04081633 99
676489.795918367 2696224.48979592 99
676489.795918367 2697346.93877551 99
676489.795918367 2698469.3877551 99
676489.795918367 2699591.83673469 99
676489.795918367 2700714.28571429 99
676489.795918367 2701836.73469388 99
676489.795918367 2702959.18367347 99
676489.795918367 2704081.63265306 99
676489.795918367 2705204.08163265 99
676489.795918367 2706326.53061224 99
676489.795918367 2707448.97959184 99
676489.795918367 2708571.42857143 99
676489.795918367 2709693.87755102 99
676489.795918367 2710816.32653061 99
676489.795918367 2711938.7755102 99
676489.795918367 2713061.2244898 99
676489.795918367 2714183.67346939 99
676489.795918367 2715306.12244898 99
676489.795918367 2716428.57142857 99
676489.795918367 2717551.02040816 99
676489.795918367 2718673.46938776 99
676489.795918367 2719795.91836735 99
676489.795918367 2720918.36734694 99
676489.795918367 2722040.81632653 99
676489.795918367 2723163.26530612 99
676489.795918367 2724285.71428571 99
676489.795918367 2725408.16326531 99
676489.795918367 2726530.6122449 99
676489.795918367 2727653.06122449 99
676489.795918367 2728775.51020408 99
676489.795918367 2729897.95918367 99
676489.795918367 2731020.40816327 99
676489.795918367 2732142.85714286 99
676489.795918367 2733265.30612245 99
676489.795918367 2734387.75510204 99
676489.795918367 2735510.20408163 99
676489.795918367 2736632.65306122 99
676489.795918367 2737755.10204082 99
676489.795918367 2738877.55102041 99
676489.795918367 2740000 99
677814.285714286 2685000 99
677814.285714286 2686122.44897959 99
677814.285714286 2687244.89795918 99
677814.285714286 2688367.34693878 99
677814.285714286 2689489.79591837 99
677814.285714286 2690612.24489796 99
677814.285714286 2691734.69387755 99
677814.285714286 2692857.14285714 99
677814.285714286 2693979.59183673 99
677814.285714286 2695102.04081633 99
677814.285714286 2696224.48979592 99
677814.285714286 2697346.93877551 99
677814.285714286 2698469.3877551 99
677814.285714286 2699591.83673469 99
677814.285714286 2700714.28571429 99
677814.285714286 2701836.73469388 99
677814.285714286 2702959.18367347 99
677814.285714286 2704081.63265306 99
677814.285714286 2705204.08163265 99
677814.285714286 2706326.53061224 99
677814.285714286 2707448.97959184 99
677814.285714286 2708571.42857143 99
677814.285714286 2709693.87755102 99
677814.285714286 2710816.32653061 99
677814.285714286 2711938.7755102 99
677814.285714286 2713061.2244898 99
677814.285714286 2714183.67346939 99
677814.285714286 2715306.12244898 99
677814.285714286 2716428.57142857 99
677814.285714286 2717551.02040816 99
677814.285714286 2718673.46938776 99
677814.285714286 2719795.91836735 99
677814.285714286 2720918.36734694 99
677814.285714286 2722040.81632653 99
677814.285714286 2723163.26530612 99
677814.285714286 2724285.71428571 99
677814.285714286 2725408.16326531 99
677814.285714286 2726530.6122449 99
677814.285714286 2727653.06122449 99
677814.285714286 2728775.51020408 99
677814.285714286 2729897.95918367 99
677814.285714286 2731020.40816327 99
677814.285714286 2732142.85714286 99
677814.285714286 2733265.30612245 99
677814.285714286 2734387.75510204 99
677814.285714286 2735510.20408163 99
677814.285714286 2736632.65306122 99
677814.285714286 2737755.10204082 99
677814.285714286 2738877.55102041 99
677814.285714286 2740000 99
679138.775510204 2685000 99
679138.775510204 2686122.44897959 99
679138.775510204 2687244.89795918 99
679138.775510204 2688367.34693878 99
679138.775510204 2689489.79591837 99
679138.775510204 2690612.24489796 99
679138.775510204 2691734.69387755 99
679138.775510204 2692857.14285714 99
679138.775510204 2693979.59183673 99
679138.775510204 2695102.04081633 99
679138.775510204 2696224.48979592 99
679138.775510204 2697346.93877551 99
679138.775510204 2698469.3877551 99
679138.775510204 2699591.83673469 99
679138.775510204 2700714.28571429 99
679138.775510204 2701836.73469388 99
679138.775510204 2702959.18367347 99
679138.775510204 2704081.63265306 99
679138.775510204 2705204.08163265 99
679138.775510204 2706326.53061224 99
679138.775510204 2707448.97959184 99
679138.775510204 2708571.42857143 99
679138.775510204 2709693.87755102 99
679138.775510204 2710816.32653061 99
679138.775510204 2711938.7755102 99
679138.775510204 2713061.2244898 99
679138.775510204 2714183.67346939 99
679138.775510204 2715306.12244898 99
679138.775510204 2716428.57142857 99
679138.775510204 2717551.02040816 99
679138.775510204 2718673.46938776 99
679138.775510204 2719795.91836735 99
679138.775510204 2720918.36734694 99
679138.775510204 2722040.81632653 99
679138.775510204 2723163.26530612 99
679138.775510204 2724285.71428571 99
679138.775510204 2725408.16326531 99
679138.775510204 2726530.6122449 99
679138.775510204 2727653.06122449 99
679138.775510204 2728775.51020408 99
679138.775510204 2729897.95918367 99
679138.775510204 2731020.40816327 99
679138.775510204 2732142.85714286 99
679138.775510204 2733265.30612245 99
679138.775510204 2734387.75510204 99
679138.775510204 2735510.20408163 99
679138.775510204 2736632.65306122 99
679138.775510204 2737755.10204082 99
679138.775510204 2738877.55102041 99
679138.775510204 2740000 99
680463.265306122 2685000 99
680463.265306122 2686122.44897959 99
680463.265306122 2687244.89795918 99
680463.265306122 2688367.34693878 99
680463.265306122 2689489.79591837 99
680463.265306122 2690612.24489796 99
680463.265306122 2691734.69387755 99
680463.265306122 2692857.14285714 99
680463.265306122 2693979.59183673 99
680463.265306122 2695102.04081633 99
680463.265306122 2696224.48979592 99
680463.265306122 2697346.93877551 99
680463.265306122 2698469.3877551 99
680463.265306122 2699591.83673469 99
680463.265306122 2700714.28571429 99
680463.265306122 2701836.73469388 99
680463.265306122 2702959.18367347 99
680463.265306122 2704081.63265306 99
680463.265306122 2705204.08163265 99
680463.265306122 2706326.53061224 99
680463.265306122 2707448.97959184 99
680463.265306122 2708571.42857143 99
680463.265306122 2709693.87755102 99
680463.265306122 2710816.32653061 99
680463.265306122 2711938.7755102 99
680463.265306122 2713061.2244898 99
680463.265306122 2714183.67346939 99
680463.265306122 2715306.12244898 99
680463.265306122 2716428.57142857 99
680463.265306122 2717551.02040816 99
680463.265306122 2718673.46938776 99
680463.265306122 2719795.91836735 99
680463.265306122 2720918.36734694 99
680463.265306122 2722040.81632653 99
680463.265306122 2723163.26530612 99
680463.265306122 2724285.71428571 99
680463.265306122 2725408.16326531 99
680463.265306122 2726530.6122449 99
680463.265306122 2727653.06122449 99
680463.265306122 2728775.51020408 99
680463.265306122 2729897.95918367 99
680463.265306122 2731020.40816327 99
680463.265306122 2732142.85714286 99
680463.265306122 2733265.30612245 99
680463.265306122 2734387.75510204 99
680463.265306122 2735510.20408163 99
680463.265306122 2736632.65306122 99
680463.265306122 2737755.10204082 99
680463.265306122 2738877.55102041 99
680463.265306122 2740000 99
681787.755102041 2685000 99
681787.755102041 2686122.44897959 99
681787.755102041 2687244.89795918 99
681787.755102041 2688367.34693878 99
681787.755102041 2689489.79591837 99
681787.755102041 2690612.24489796 99
681787.755102041 2691734.69387755 99
681787.755102041 2692857.14285714 99
681787.755102041 2693979.59183673 99
681787.755102041 2695102.04081633 99
681787.755102041 2696224.48979592 99
681787.755102041 2697346.93877551 99
681787.755102041 2698469.3877551 99
681787.755102041 2699591.83673469 99
681787.755102041 2700714.28571429 99
681787.755102041 2701836.73469388 99
681787.755102041 2702959.18367347 99
681787.755102041 2704081.63265306 99
681787.755102041 2705204.08163265 99
681787.755102041 2706326.53061224 99
681787.755102041 2707448.97959184 99
681787.755102041 2708571.42857143 99
681787.755102041 2709693.87755102 99
681787.755102041 2710816.32653061 99
681787.755102041 2711938.7755102 99
681787.755102041 2713061.2244898 99
681787.755102041 2714183.67346939 99
681787.755102041 2715306.12244898 99
681787.755102041 2716428.57142857 99
681787.755102041 2717551.02040816 99
681787.755102041 2718673.46938776 99
681787.755102041 2719795.91836735 99
681787.755102041 2720918.36734694 99
681787.755102041 2722040.81632653 99
681787.755102041 2723163.26530612 99
681787.755102041 2724285.71428571 99
681787.755102041 2725408.16326531 99
681787.755102041 2726530.6122449 99
681787.755102041 2727653.06122449 99
681787.755102041 2728775.51020408 99
681787.755102041 2729897.95918367 99
681787.755102041 2731020.40816327 99
681787.755102041 2732142.85714286 99
681787.755102041 2733265.30612245 99
681787.755102041 2734387.75510204 99
681787.755102041 2735510.20408163 99
681787.755102041 2736632.65306122 99
681787.755102041 2737755.10204082 99
681787.755102041 2738877.55102041 99
681787.755102041 2740000 99
683112.244897959 2685000 99
683112.244897959 2686122.44897959 99
683112.244897959 2687244.89795918 99
683112.244897959 2688367.34693878 99
683112.244897959 2689489.79591837 99
683112.244897959 2690612.24489796 99
683112.244897959 2691734.69387755 99
683112.244897959 2692857.14285714 99
683112.244897959 2693979.59183673 99
683112.244897959 2695102.04081633 99
683112.244897959 2696224.48979592 99
683112.244897959 2697346.93877551 99
683112.244897959 2698469.3877551 99
683112.244897959 2699591.83673469 99
683112.244897959 2700714.28571429 99
683112.244897959 2701836.73469388 99
683112.244897959 2702959.18367347 99
683112.244897959 2704081.63265306 99
683112.244897959 2705204.08163265 99
683112.244897959 2706326.53061224 99
683112.244897959 2707448.97959184 99
683112.244897959 2708571.42857143 99
683112.244897959 2709693.87755102 99
683112.244897959 2710816.32653061 99
683112.244897959 2711938.7755102 99
683112.244897959 2713061.2244898 99
683112.244897959 2714183.67346939 99
683112.244897959 2715306.12244898 99
683112.244897959 2716428.57142857 99
683112.244897959 2717551.02040816 99
683112.244897959 2718673.46938776 99
683112.244897959 2719795.91836735 99
683112.244897959 2720918.36734694 99
683112.244897959 2722040.81632653 99
683112.244897959 2723163.26530612 99
683112.244897959 2724285.71428571 99
683112.244897959 2725408.16326531 99
683112.244897959 2726530.6122449 99
683112.244897959 2727653.06122449 99
683112.244897959 2728775.51020408 99
683112.244897959 2729897.95918367 99
683112.244897959 2731020.40816327 99
683112.244897959 2732142.85714286 99
683112.244897959 2733265.30612245 99
683112.244897959 2734387.75510204 99
683112.244897959 2735510.20408163 99
683112.244897959 2736632.65306122 99
683112.244897959 2737755.10204082 99
683112.244897959 2738877.55102041 99
683112.244897959 2740000 99
684436.734693878 2685000 99
684436.734693878 2686122.44897959 99
684436.734693878 2687244.89795918 99
684436.734693878 2688367.34693878 99
684436.734693878 2689489.79591837 99
684436.734693878 2690612.24489796 99
684436.734693878 2691734.69387755 99
684436.734693878 2692857.14285714 99
684436.734693878 2693979.59183673 99
684436.734693878 2695102.04081633 99
684436.734693878 2696224.48979592 99
684436.734693878 2697346.93877551 99
684436.734693878 2698469.3877551 99
684436.734693878 2699591.83673469 99
684436.734693878 2700714.28571429 99
684436.734693878 2701836.73469388 99
684436.734693878 2702959.18367347 99
684436.734693878 2704081.63265306 99
684436.734693878 2705204.08163265 99
684436.734693878 2706326.53061224 99
684436.734693878 2707448.97959184 99
684436.734693878 2708571.42857143 99
684436.734693878 2709693.87755102 99
684436.734693878 2710816.32653061 99
684436.734693878 2711938.7755102 99
684436.734693878 2713061.2244898 99
684436.734693878 2714183.67346939 99
684436.734693878 2715306.12244898 99
684436.734693878 2716428.57142857 99
684436.734693878 2717551.02040816 99
684436.734693878 2718673.46938776 99
684436.734693878 2719795.91836735 99
684436.734693878 2720918.36734694 99
684436.734693878 2722040.81632653 99
684436.734693878 2723163.26530612 99
684436.734693878 2724285.71428571 99
684436.734693878 2725408.16326531 99
684436.734693878 2726530.6122449 99
684436.734693878 2727653.06122449 99
684436.734693878 2728775.51020408 99
684436.734693878 2729897.95918367 99
684436.734693878 2731020.40816327 99
684436.734693878 2732142.85714286 99
684436.734693878 2733265.30612245 99
684436.734693878 2734387.75510204 99
684436.734693878 2735510.20408163 99
684436.734693878 2736632.65306122 99
684436.734693878 2737755.10204082 99
684436.734693878 2738877.55102041 99
684436.734693878 2740000 99
685761.224489796 2685000 99
685761.224489796 2686122.44897959 99
685761.224489796 2687244.89795918 99
685761.224489796 2688367.34693878 99
685761.224489796 2689489.79591837 99
685761.224489796 2690612.24489796 99
685761.224489796 2691734.69387755 99
685761.224489796 2692857.14285714 99
685761.224489796 2693979.59183673 99
685761.224489796 2695102.04081633 99
685761.224489796 2696224.48979592 99
685761.224489796 2697346.93877551 99
685761.224489796 2698469.3877551 99
685761.224489796 2699591.83673469 99
685761.224489796 2700714.28571429 99
685761.224489796 2701836.73469388 99
685761.224489796 2702959.18367347 99
685761.224489796 2704081.63265306 99
685761.224489796 2705204.08163265 99
685761.224489796 2706326.53061224 99
685761.224489796 2707448.97959184 99
685761.224489796 2708571.42857143 99
685761.224489796 2709693.87755102 99
685761.224489796 2710816.32653061 99
685761.224489796 2711938.7755102 99
685761.224489796 2713061.2244898 99
685761.224489796 2714183.67346939 99
685761.224489796 2715306.12244898 99
685761.224489796 2716428.57142857 99
685761.224489796 2717551.02040816 99
685761.224489796 2718673.46938776 99
685761.224489796 2719795.91836735 99
685761.224489796 2720918.36734694 99
685761.224489796 2722040.81632653 99
685761.224489796 2723163.26530612 99
685761.224489796 2724285.71428571 99
685761.224489796 2725408.16326531 99
685761.224489796 2726530.6122449 99
685761.224489796 2727653.06122449 99
685761.224489796 2728775.51020408 99
685761.224489796 2729897.95918367 99
685761.224489796 2731020.40816327 99
685761.224489796 2732142.85714286 99
685761.224489796 2733265.30612245 99
685761.224489796 2734387.75510204 99
685761.224489796 2735510.20408163 99
685761.224489796 2736632.65306122 99
685761.224489796 2737755.10204082 99
685761.224489796 2738877.55102041 99
685761.224489796 2740000 99
687085.714285714 2685000 99
687085.714285714 2686122.44897959 99
687085.714285714 2687244.89795918 99
687085.714285714 2688367.34693878 99
687085.714285714 2689489.79591837 99
687085.714285714 2690612.24489796 99
687085.714285714 2691734.69387755 99
687085.714285714 2692857.14285714 99
687085.714285714 2693979.59183673 99
687085.714285714 2695102.04081633 99
687085.714285714 2696224.48979592 99
687085.714285714 2697346.93877551 99
687085.714285714 2698469.3877551 99
687085.714285714 2699591.83673469 99
687085.714285714 2700714.28571429 99
687085.714285714 2701836.73469388 99
687085.714285714 2702959.18367347 99
687085.714285714 2704081.63265306 99
687085.714285714 2705204.08163265 99
687085.714285714 2706326.53061224 99
687085.714285714 2707448.97959184 99
687085.714285714 2708571.42857143 99
687085.714285714 2709693.87755102 99
687085.714285714 2710816.32653061 99
687085.714285714 2711938.7755102 99
687085.714285714 2713061.2244898 99
687085.714285714 2714183.67346939 99
687085.714285714 2715306.12244898 99
687085.714285714 2716428.57142857 99
687085.714285714 2717551.02040816 99
687085.714285714 2718673.46938776 99
687085.714285714 2719795.91836735 99
687085.714285714 2720918.36734694 99
687085.714285714 2722040.81632653 99
687085.714285714 2723163.26530612 99
687085.714285714 2724285.71428571 99
687085.714285714 2725408.16326531 99
687085.714285714 2726530.6122449 99
687085.714285714 2727653.06122449 99
687085.714285714 2728775.51020408 99
687085.714285714 2729897.95918367 99
687085.714285714 2731020.40816327 99
687085.714285714 2732142.85714286 99
687085.714285714 2733265.30612245 99
687085.714285714 2734387.75510204 99
687085.714285714 2735510.20408163 99
687085.714285714 2736632.65306122 99
687085.714285714 2737755.10204082 99
687085.714285714 2738877.55102041 99
687085.714285714 2740000 99
688410.204081633 2685000 99
688410.204081633 2686122.44897959 99
688410.204081633 2687244.89795918 99
688410.204081633 2688367.34693878 99
688410.204081633 2689489.79591837 99
688410.204081633 2690612.24489796 99
688410.204081633 2691734.69387755 99
688410.204081633 2692857.14285714 99
688410.204081633 2693979.59183673 99
688410.204081633 2695102.04081633 99
688410.204081633 2696224.48979592 99
688410.204081633 2697346.93877551 99
688410.204081633 2698469.3877551 99
688410.204081633 2699591.83673469 99
688410.204081633 2700714.28571429 99
688410.204081633 2701836.73469388 99
688410.204081633 2702959.18367347 99
688410.204081633 2704081.63265306 99
688410.204081633 2705204.08163265 99
688410.204081633 2706326.53061224 99
688410.204081633 2707448.97959184 99
688410.204081633 2708571.42857143 99
688410.204081633 2709693.87755102 99
688410.204081633 2710816.32653061 99
688410.204081633 2711938.7755102 99
688410.204081633 2713061.2244898 99
688410.204081633 2714183.67346939 99
688410.204081633 2715306.12244898 99
688410.204081633 2716428.57142857 99
688410.204081633 2717551.02040816 99
688410.204081633 2718673.46938776 99
688410.204081633 2719795.91836735 99
688410.204081633 2720918.36734694 99
688410.204081633 2722040.81632653 99
688410.204081633 2723163.26530612 99
688410.204081633 2724285.71428571 99
688410.204081633 2725408.16326531 99
688410.204081633 2726530.6122449 99
688410.204081633 2727653.06122449 99
688410.204081633 2728775.51020408 99
688410.204081633 2729897.95918367 99
688410.204081633 2731020.40816327 99
688410.204081633 2732142.85714286 99
688410.204081633 2733265.30612245 99
688410.204081633 2734387.75510204 99
688410.204081633 2735510.20408163 99
688410.204081633 2736632.65306122 99
688410.204081633 2737755.10204082 99
688410.204081633 2738877.55102041 99
688410.204081633 2740000 99
689734.693877551 2685000 99
689734.693877551 2686122.44897959 99
689734.693877551 2687244.89795918 99
689734.693877551 2688367.34693878 99
689734.693877551 2689489.79591837 99
689734.693877551 2690612.24489796 99
689734.693877551 2691734.69387755 99
689734.693877551 2692857.14285714 99
689734.693877551 2693979.59183673 99
689734.693877551 2695102.04081633 99
689734.693877551 2696224.48979592 99
689734.693877551 2697346.93877551 99
689734.693877551 2698469.3877551 99
689734.693877551 2699591.83673469 99
689734.693877551 2700714.28571429 99
689734.693877551 2701836.73469388 99
689734.693877551 2702959.18367347 99
689734.693877551 2704081.63265306 99
689734.693877551 2705204.08163265 99
689734.693877551 2706326.53061224 99
689734.693877551 2707448.97959184 99
689734.693877551 2708571.42857143 99
689734.693877551 2709693.87755102 99
689734.693877551 2710816.32653061 99
689734.693877551 2711938.7755102 99
689734.693877551 2713061.2244898 99
689734.693877551 2714183.67346939 99
689734.693877551 2715306.12244898 99
689734.693877551 2716428.57142857 99
689734.693877551 2717551.02040816 99
689734.693877551 2718673.46938776 99
689734.693877551 2719795.91836735 99
689734.693877551 2720918.36734694 99
689734.693877551 2722040.81632653 99
689734.693877551 2723163.26530612 99
689734.693877551 2724285.71428571 99
689734.693877551 2725408.16326531 99
689734.693877551 2726530.6122449 99
689734.693877551 2727653.06122449 99
689734.693877551 2728775.51020408 99
689734.693877551 2729897.95918367 99
689734.693877551 2731020.40816327 99
689734.693877551 2732142.85714286 99
689734.693877551 2733265.30612245 99
689734.693877551 2734387.75510204 99
689734.693877551 2735510.20408163 99
689734.693877551 2736632.65306122 99
689734.693877551 2737755.10204082 99
689734.693877551 2738877.55102041 99
689734.693877551 2740000 99
691059.183673469 2685000 99
691059.183673469 2686122.44897959 99
691059.183673469 2687244.89795918 99
691059.183673469 2688367.34693878 99
691059.183673469 2689489.79591837 99
691059.183673469 2690612.24489796 99
691059.183673469 2691734.69387755 99
691059.183673469 2692857.14285714 99
691059.183673469 2693979.59183673 99
691059.183673469 2695102.04081633 99
691059.183673469 2696224.48979592 99
691059.183673469 2697346.93877551 99
691059.183673469 2698469.3877551 99
691059.183673469 2699591.83673469 99
691059.183673469 2700714.28571429 99
691059.183673469 2701836.73469388 99
691059.183673469 2702959.18367347 99
691059.183673469 2704081.63265306 99
691059.183673469 2705204.08163265 99
691059.183673469 2706326.53061224 99
691059.183673469 2707448.97959184 99
691059.183673469 2708571.42857143 99
691059.183673469 2709693.87755102 99
691059.183673469 2710816.32653061 99
691059.183673469 2711938.7755102 99
691059.183673469 2713061.2244898 99
691059.183673469 2714183.67346939 99
691059.183673469 2715306.12244898 99
691059.183673469 2716428.57142857 99
691059.183673469 2717551.02040816 99
691059.183673469 2718673.46938776 99
691059.183673469 2719795.91836735 99
691059.183673469 2720918.36734694 99
691059.183673469 2722040.81632653 99
691059.183673469 2723163.26530612 99
691059.183673469 2724285.71428571 99
691059.183673469 2725408.16326531 99
691059.183673469 2726530.6122449 99
691059.183673469 2727653.06122449 99
691059.183673469 2728775.51020408 99
691059.183673469 2729897.95918367 99
691059.183673469 2731020.40816327 99
691059.183673469 2732142.85714286 99
691059.183673469 2733265.30612245 99
691059.183673469 2734387.75510204 99
691059.183673469 2735510.20408163 99
691059.183673469 2736632.65306122 99
691059.183673469 2737755.10204082 99
691059.183673469 2738877.55102041 99
691059.183673469 2740000 99
692383.673469388 2685000 99
692383.673469388 2686122.44897959 99
692383.673469388 2687244.89795918 99
692383.673469388 2688367.34693878 99
692383.673469388 2689489.79591837 99
692383.673469388 2690612.24489796 99
692383.673469388 2691734.69387755 99
692383.673469388 2692857.14285714 99
692383.673469388 2693979.59183673 99
692383.673469388 2695102.04081633 99
692383.673469388 2696224.48979592 99
692383.673469388 2697346.93877551 99
692383.673469388 2698469.3877551 99
692383.673469388 2699591.83673469 99
692383.673469388 2700714.28571429 99
692383.673469388 2701836.73469388 99
692383.673469388 2702959.18367347 99
692383.673469388 2704081.63265306 99
692383.673469388 2705204.08163265 99
692383.673469388 2706326.53061224 99
692383.673469388 2707448.97959184 99
692383.673469388 2708571.42857143 99
692383.673469388 2709693.87755102 99
692383.673469388 2710816.32653061 99
692383.673469388 2711938.7755102 99
692383.673469388 2713061.2244898 99
692383.673469388 2714183.67346939 99
692383.673469388 2715306.12244898 99
692383.673469388 2716428.57142857 99
692383.673469388 2717551.02040816 99
692383.673469388 2718673.46938776 99
692383.673469388 2719795.91836735 99
692383.673469388 2720918.36734694 99
692383.673469388 2722040.81632653 99
692383.673469388 2723163.26530612 99
692383.673469388 2724285.71428571 99
692383.673469388 2725408.16326531 99
692383.673469388 2726530.6122449 99
692383.673469388 2727653.06122449 99
692383.673469388 2728775.51020408 99
692383.673469388 2729897.95918367 99
692383.673469388 2731020.40816327 99
692383.673469388 2732142.85714286 99
692383.673469388 2733265.30612245 99
692383.673469388 2734387.75510204 99
692383.673469388 2735510.20408163 99
692383.673469388 2736632.65306122 99
692383.673469388 2737755.10204082 99
692383.673469388 2738877.55102041 99
692383.673469388 2740000 99
693708.163265306 2685000 99
693708.163265306 2686122.44897959 99
693708.163265306 2687244.89795918 99
693708.163265306 2688367.34693878 99
693708.163265306 2689489.79591837 99
693708.163265306 2690612.24489796 99
693708.163265306 2691734.69387755 99
693708.163265306 2692857.14285714 99
693708.163265306 2693979.59183673 99
693708.163265306 2695102.04081633 99
693708.163265306 2696224.48979592 99
693708.163265306 2697346.93877551 99
693708.163265306 2698469.3877551 99
693708.163265306 2699591.83673469 99
693708.163265306 2700714.28571429 99
693708.163265306 2701836.73469388 99
693708.163265306 2702959.18367347 99
693708.163265306 2704081.63265306 99
693708.163265306 2705204.08163265 99
693708.163265306 2706326.53061224 99
693708.163265306 2707448.97959184 99
693708.163265306 2708571.42857143 99
693708.163265306 2709693.87755102 99
693708.163265306 2710816.32653061 99
693708.163265306 2711938.7755102 99
693708.163265306 2713061.2244898 99
693708.163265306 2714183.67346939 99
693708.163265306 2715306.12244898 99
693708.163265306 2716428.57142857 99
693708.163265306 2717551.02040816 99
693708.163265306 2718673.46938776 99
693708.163265306 2719795.91836735 99
693708.163265306 2720918.36734694 99
693708.163265306 2722040.81632653 99
693708.163265306 2723163.26530612 99
693708.163265306 2724285.71428571 99
693708.163265306 2725408.16326531 99
693708.163265306 2726530.6122449 99
693708.163265306 2727653.06122449 99
693708.163265306 2728775.51020408 99
693708.163265306 2729897.95918367 99
693708.163265306 2731020.40816327 99
693708.163265306 2732142.85714286 99
693708.163265306 2733265.30612245 99
693708.163265306 2734387.75510204 99
693708.163265306 2735510.20408163 99
693708.163265306 2736632.65306122 99
693708.163265306 2737755.10204082 99
693708.163265306 2738877.55102041 99
693708.163265306 2740000 99
695032.653061224 2685000 99
695032.653061224 2686122.44897959 99
695032.653061224 2687244.89795918 99
695032.653061224 2688367.34693878 99
695032.653061224 2689489.79591837 99
695032.653061224 2690612.24489796 99
695032.653061224 2691734.69387755 99
695032.653061224 2692857.14285714 99
695032.653061224 2693979.59183673 99
695032.653061224 2695102.04081633 99
695032.653061224 2696224.48979592 99
695032.653061224 2697346.93877551 99
695032.653061224 2698469.3877551 99
695032.653061224 2699591.83673469 99
695032.653061224 2700714.28571429 99
695032.653061224 2701836.73469388 99
695032.653061224 2702959.18367347 99
695032.653061224 2704081.63265306 99
695032.653061224 2705204.08163265 99
695032.653061224 2706326.53061224 99
695032.653061224 2707448.97959184 99
695032.653061224 2708571.42857143 99
695032.653061224 2709693.87755102 99
695032.653061224 2710816.32653061 99
695032.653061224 2711938.7755102 99
695032.653061224 2713061.2244898 99
695032.653061224 2714183.67346939 99
695032.653061224 2715306.12244898 99
695032.653061224 2716428.57142857 99
695032.653061224 2717551.02040816 99
695032.653061224 2718673.46938776 99
695032.653061224 2719795.91836735 99
695032.653061224 2720918.36734694 99
695032.653061224 2722040.81632653 99
695032.653061224 2723163.26530612 99
695032.653061224 2724285.71428571 99
695032.653061224 2725408.16326531 99
695032.653061224 2726530.6122449 99
695032.653061224 2727653.06122449 99
695032.653061224 2728775.51020408 99
695032.653061224 2729897.95918367 99
695032.653061224 2731020.40816327 99
695032.653061224 2732142.85714286 99
695032.653061224 2733265.30612245 99
695032.653061224 2734387.75510204 99
695032.653061224 2735510.20408163 99
695032.653061224 2736632.65306122 99
695032.653061224 2737755.10204082 99
695032.653061224 2738877.55102041 99
695032.653061224 2740000 99
696357.142857143 2685000 99
696357.142857143 2686122.44897959 99
696357.142857143 2687244.89795918 99
696357.142857143 2688367.34693878 99
696357.142857143 2689489.79591837 99
696357.142857143 2690612.24489796 99
696357.142857143 2691734.69387755 99
696357.142857143 2692857.14285714 99
696357.142857143 2693979.59183673 99
696357.142857143 2695102.04081633 99
696357.142857143 2696224.48979592 99
696357.142857143 2697346.93877551 99
696357.142857143 2698469.3877551 99
696357.142857143 2699591.83673469 99
696357.142857143 2700714.28571429 99
696357.142857143 2701836.73469388 99
696357.142857143 2702959.18367347 99
696357.142857143 2704081.63265306 99
696357.142857143 2705204.08163265 99
696357.142857143 2706326.53061224 99
696357.142857143 2707448.97959184 99
696357.142857143 2708571.42857143 99
696357.142857143 2709693.87755102 99
696357.142857143 2710816.32653061 99
696357.142857143 2711938.7755102 99
696357.142857143 2713061.2244898 99
696357.142857143 2714183.67346939 99
696357.142857143 2715306.12244898 99
696357.142857143 2716428.57142857 99
696357.142857143 2717551.02040816 99
696357.142857143 2718673.46938776 99
696357.142857143 2719795.91836735 99
696357.142857143 2720918.36734694 99
696357.142857143 2722040.81632653 99
696357.142857143 2723163.26530612 99
696357.142857143 2724285.71428571 99
696357.142857143 2725408.16326531 99
696357.142857143 2726530.6122449 99
696357.142857143 2727653.06122449 99
696357.142857143 2728775.51020408 99
696357.142857143 2729897.95918367 99
696357.142857143 2731020.40816327 99
696357.142857143 2732142.85714286 99
696357.142857143 2733265.30612245 99
696357.142857143 2734387.75510204 99
696357.142857143 2735510.20408163 99
696357.142857143 2736632.65306122 99
696357.142857143 2737755.10204082 99
696357.142857143 2738877.55102041 99
696357.142857143 2740000 99
697681.632653061 2685000 99
697681.632653061 2686122.44897959 99
697681.632653061 2687244.89795918 99
697681.632653061 2688367.34693878 99
697681.632653061 2689489.79591837 99
697681.632653061 2690612.24489796 99
697681.632653061 2691734.69387755 99
697681.632653061 2692857.14285714 99
697681.632653061 2693979.59183673 99
697681.632653061 2695102.04081633 99
697681.632653061 2696224.48979592 99
697681.632653061 2697346.93877551 99
697681.632653061 2698469.3877551 99
697681.632653061 2699591.83673469 99
697681.632653061 2700714.28571429 99
697681.632653061 2701836.73469388 99
697681.632653061 2702959.18367347 99
697681.632653061 2704081.63265306 99
697681.632653061 2705204.08163265 99
697681.632653061 2706326.53061224 99
697681.632653061 2707448.97959184 99
697681.632653061 2708571.42857143 99
697681.632653061 2709693.87755102 99
697681.632653061 2710816.32653061 99
697681.632653061 2711938.7755102 99
697681.632653061 2713061.2244898 99
697681.632653061 2714183.67346939 99
697681.632653061 2715306.12244898 99
697681.632653061 2716428.57142857 99
697681.632653061 2717551.02040816 99
697681.632653061 2718673.46938776 99
697681.632653061 2719795.91836735 99
697681.632653061 2720918.36734694 99
697681.632653061 2722040.81632653 99
697681.632653061 2723163.26530612 99
697681.632653061 2724285.71428571 99
697681.632653061 2725408.16326531 99
697681.632653061 2726530.6122449 99
697681.632653061 2727653.06122449 99
697681.632653061 2728775.51020408 99
697681.632653061 2729897.95918367 99
697681.632653061 2731020.40816327 99
697681.632653061 2732142.85714286 99
697681.632653061 2733265.30612245 99
697681.632653061 2734387.75510204 99
697681.632653061 2735510.20408163 99
697681.632653061 2736632.65306122 99
697681.632653061 2737755.10204082 99
697681.632653061 2738877.55102041 99
697681.632653061 2740000 99
699006.12244898 2685000 99
699006.12244898 2686122.44897959 99
699006.12244898 2687244.89795918 99
699006.12244898 2688367.34693878 99
699006.12244898 2689489.79591837 99
699006.12244898 2690612.24489796 99
699006.12244898 2691734.69387755 99
699006.12244898 2692857.14285714 99
699006.12244898 2693979.59183673 99
699006.12244898 2695102.04081633 99
699006.12244898 2696224.48979592 99
699006.12244898 2697346.93877551 99
699006.12244898 2698469.3877551 99
699006.12244898 2699591.83673469 99
699006.12244898 2700714.28571429 99
699006.12244898 2701836.73469388 99
699006.12244898 2702959.18367347 99
699006.12244898 2704081.63265306 99
699006.12244898 2705204.08163265 99
699006.12244898 2706326.53061224 99
699006.12244898 2707448.97959184 99
699006.12244898 2708571.42857143 99
699006.12244898 2709693.87755102 99
699006.12244898 2710816.32653061 99
699006.12244898 2711938.7755102 99
699006.12244898 2713061.2244898 99
699006.12244898 2714183.67346939 99
699006.12244898 2715306.12244898 99
699006.12244898 2716428.57142857 99
699006.12244898 2717551.02040816 99
699006.12244898 2718673.46938776 99
699006.12244898 2719795.91836735 99
699006.12244898 2720918.36734694 99
699006.12244898 2722040.81632653 99
699006.12244898 2723163.26530612 99
699006.12244898 2724285.71428571 99
699006.12244898 2725408.16326531 99
699006.12244898 2726530.6122449 99
699006.12244898 2727653.06122449 99
699006.12244898 2728775.51020408 99
699006.12244898 2729897.95918367 99
699006.12244898 2731020.40816327 99
699006.12244898 2732142.85714286 99
699006.12244898 2733265.30612245 99
699006.12244898 2734387.75510204 99
699006.12244898 2735510.20408163 99
699006.12244898 2736632.65306122 99
699006.12244898 2737755.10204082 99
699006.12244898 2738877.55102041 99
699006.12244898 2740000 99
700330.612244898 2685000 99
700330.612244898 2686122.44897959 99
700330.612244898 2687244.89795918 99
700330.612244898 2688367.34693878 99
700330.612244898 2689489.79591837 99
700330.612244898 2690612.24489796 99
700330.612244898 2691734.69387755 99
700330.612244898 2692857.14285714 99
700330.612244898 2693979.59183673 99
700330.612244898 2695102.04081633 99
700330.612244898 2696224.48979592 99
700330.612244898 2697346.93877551 99
700330.612244898 2698469.3877551 99
700330.612244898 2699591.83673469 99
700330.612244898 2700714.28571429 99
700330.612244898 2701836.73469388 99
700330.612244898 2702959.18367347 99
700330.612244898 2704081.63265306 99
700330.612244898 2705204.08163265 99
700330.612244898 2706326.53061224 99
700330.612244898 2707448.97959184 99
700330.612244898 2708571.42857143 99
700330.612244898 2709693.87755102 99
700330.612244898 2710816.32653061 99
700330.612244898 2711938.7755102 99
700330.612244898 2713061.2244898 99
700330.612244898 2714183.67346939 99
700330.612244898 2715306.12244898 99
700330.612244898 2716428.57142857 99
700330.612244898 2717551.02040816 99
700330.612244898 2718673.46938776 99
700330.612244898 2719795.91836735 99
700330.612244898 2720918.36734694 99
700330.612244898 2722040.81632653 99
700330.612244898 2723163.26530612 99
700330.612244898 2724285.71428571 99
700330.612244898 2725408.16326531 99
700330.612244898 2726530.6122449 99
700330.612244898 2727653.06122449 99
700330.612244898 2728775.51020408 99
700330.612244898 2729897.95918367 99
700330.612244898 2731020.40816327 99
700330.612244898 2732142.85714286 99
700330.612244898 2733265.30612245 99
700330.612244898 2734387.75510204 99
700330.612244898 2735510.20408163 99
700330.612244898 2736632.65306122 99
700330.612244898 2737755.10204082 99
700330.612244898 2738877.55102041 99
700330.612244898 2740000 99
701655.102040816 2685000 99
701655.102040816 2686122.44897959 99
701655.102040816 2687244.89795918 99
701655.102040816 2688367.34693878 99
701655.102040816 2689489.79591837 99
701655.102040816 2690612.24489796 99
701655.102040816 2691734.69387755 99
701655.102040816 2692857.14285714 99
701655.102040816 2693979.59183673 99
701655.102040816 2695102.04081633 99
701655.102040816 2696224.48979592 99
701655.102040816 2697346.93877551 99
701655.102040816 2698469.3877551 99
701655.102040816 2699591.83673469 99
701655.102040816 2700714.28571429 99
701655.102040816 2701836.73469388 99
701655.102040816 2702959.18367347 99
701655.102040816 2704081.63265306 99
701655.102040816 2705204.08163265 99
701655.102040816 2706326.53061224 99
701655.102040816 2707448.97959184 99
701655.102040816 2708571.42857143 99
701655.102040816 2709693.87755102 99
701655.102040816 2710816.32653061 99
701655.102040816 2711938.7755102 99
701655.102040816 2713061.2244898 99
701655.102040816 2714183.67346939 99
701655.102040816 2715306.12244898 99
701655.102040816 2716428.57142857 99
701655.102040816 2717551.02040816 99
701655.102040816 2718673.46938776 99
701655.102040816 2719795.91836735 99
701655.102040816 2720918.36734694 99
701655.102040816 2722040.81632653 99
701655.102040816 2723163.26530612 99
701655.102040816 2724285.71428571 99
701655.102040816 2725408.16326531 99
701655.102040816 2726530.6122449 99
701655.102040816 2727653.06122449 99
701655.102040816 2728775.51020408 99
701655.102040816 2729897.95918367 99
701655.102040816 2731020.40816327 99
701655.102040816 2732142.85714286 99
701655.102040816 2733265.30612245 99
701655.102040816 2734387.75510204 99
701655.102040816 2735510.20408163 99
701655.102040816 2736632.65306122 99
701655.102040816 2737755.10204082 99
701655.102040816 2738877.55102041 99
701655.102040816 2740000 99
702979.591836735 2685000 99
702979.591836735 2686122.44897959 99
702979.591836735 2687244.89795918 99
702979.591836735 2688367.34693878 99
702979.591836735 2689489.79591837 99
702979.591836735 2690612.24489796 99
702979.591836735 2691734.69387755 99
702979.591836735 2692857.14285714 99
702979.591836735 2693979.59183673 99
702979.591836735 2695102.04081633 99
702979.591836735 2696224.48979592 99
702979.591836735 2697346.93877551 99
702979.591836735 2698469.3877551 99
702979.591836735 2699591.83673469 99
702979.591836735 2700714.28571429 99
702979.591836735 2701836.73469388 99
702979.591836735 2702959.18367347 99
702979.591836735 2704081.63265306 99
702979.591836735 2705204.08163265 99
702979.591836735 2706326.53061224 99
702979.591836735 2707448.97959184 99
702979.591836735 2708571.42857143 99
702979.591836735 2709693.87755102 99
702979.591836735 2710816.32653061 99
702979.591836735 2711938.7755102 99
702979.591836735 2713061.2244898 99
702979.591836735 2714183.67346939 99
702979.591836735 2715306.12244898 99
702979.591836735 2716428.57142857 99
702979.591836735 2717551.02040816 99
702979.591836735 2718673.46938776 99
702979.591836735 2719795.91836735 99
702979.591836735 2720918.36734694 99
702979.591836735 2722040.81632653 99
702979.591836735 2723163.26530612 99
702979.591836735 2724285.71428571 99
702979.591836735 2725408.16326531 99
702979.591836735 2726530.6122449 99
702979.591836735 2727653.06122449 99
702979.591836735 2728775.51020408 99
702979.591836735 2729897.95918367 99
702979.591836735 2731020.40816327 99
702979.591836735 2732142.85714286 99
702979.591836735 2733265.30612245 99
702979.591836735 2734387.75510204 99
702979.591836735 2735510.20408163 99
702979.591836735 2736632.65306122 99
702979.591836735 2737755.10204082 99
702979.591836735 2738877.55102041 99
702979.591836735 2740000 99
704304.081632653 2685000 99
704304.081632653 2686122.44897959 99
704304.081632653 2687244.89795918 99
704304.081632653 2688367.34693878 99
704304.081632653 2689489.79591837 99
704304.081632653 2690612.24489796 99
704304.081632653 2691734.69387755 99
704304.081632653 2692857.14285714 99
704304.081632653 2693979.59183673 99
704304.081632653 2695102.04081633 99
704304.081632653 2696224.48979592 99
704304.081632653 2697346.93877551 99
704304.081632653 2698469.3877551 99
704304.081632653 2699591.83673469 99
704304.081632653 2700714.28571429 99
704304.081632653 2701836.73469388 99
704304.081632653 2702959.18367347 99
704304.081632653 2704081.63265306 99
704304.081632653 2705204.08163265 99
704304.081632653 2706326.53061224 99
704304.081632653 2707448.97959184 99
704304.081632653 2708571.42857143 99
704304.081632653 2709693.87755102 99
704304.081632653 2710816.32653061 99
704304.081632653 2711938.7755102 99
704304.081632653 2713061.2244898 99
704304.081632653 2714183.67346939 99
704304.081632653 2715306.12244898 99
704304.081632653 2716428.57142857 99
704304.081632653 2717551.02040816 99
704304.081632653 2718673.46938776 99
704304.081632653 2719795.91836735 99
704304.081632653 2720918.36734694 99
704304.081632653 2722040.81632653 99
704304.081632653 2723163.26530612 99
704304.081632653 2724285.71428571 99
704304.081632653 2725408.16326531 99
704304.081632653 2726530.6122449 99
704304.081632653 2727653.06122449 99
704304.081632653 2728775.51020408 99
704304.081632653 2729897.95918367 99
704304.081632653 2731020.40816327 99
704304.081632653 2732142.85714286 99
704304.081632653 2733265.30612245 99
704304.081632653 2734387.75510204 99
704304.081632653 2735510.20408163 99
704304.081632653 2736632.65306122 99
704304.081632653 2737755.10204082 99
704304.081632653 2738877.55102041 99
704304.081632653 2740000 99
705628.571428571 2685000 99
705628.571428571 2686122.44897959 99
705628.571428571 2687244.89795918 99
705628.571428571 2688367.34693878 99
705628.571428571 2689489.79591837 99
705628.571428571 2690612.24489796 99
705628.571428571 2691734.69387755 99
705628.571428571 2692857.14285714 99
705628.571428571 2693979.59183673 99
705628.571428571 2695102.04081633 99
705628.571428571 2696224.48979592 99
705628.571428571 2697346.93877551 99
705628.571428571 2698469.3877551 99
705628.571428571 2699591.83673469 99
705628.571428571 2700714.28571429 99
705628.571428571 2701836.73469388 99
705628.571428571 2702959.18367347 99
705628.571428571 2704081.63265306 99
705628.571428571 2705204.08163265 99
705628.571428571 2706326.53061224 99
705628.571428571 2707448.97959184 99
705628.571428571 2708571.42857143 99
705628.571428571 2709693.87755102 99
705628.571428571 2710816.32653061 99
705628.571428571 2711938.7755102 99
705628.571428571 2713061.2244898 99
705628.571428571 2714183.67346939 99
705628.571428571 2715306.12244898 99
705628.571428571 2716428.57142857 99
705628.571428571 2717551.02040816 99
705628.571428571 2718673.46938776 99
705628.571428571 2719795.91836735 99
705628.571428571 2720918.36734694 99
705628.571428571 2722040.81632653 99
705628.571428571 2723163.26530612 99
705628.571428571 2724285.71428571 99
705628.571428571 2725408.16326531 99
705628.571428571 2726530.6122449 99
705628.571428571 2727653.06122449 99
705628.571428571 2728775.51020408 99
705628.571428571 2729897.95918367 99
705628.571428571 2731020.40816327 99
705628.571428571 2732142.85714286 99
705628.571428571 2733265.30612245 99
705628.571428571 2734387.75510204 99
705628.571428571 2735510.20408163 99
705628.571428571 2736632.65306122 99
705628.571428571 2737755.10204082 99
705628.571428571 2738877.55102041 99
705628.571428571 2740000 99
706953.06122449 2685000 99
706953.06122449 2686122.44897959 99
706953.06122449 2687244.89795918 99
706953.06122449 2688367.34693878 99
706953.06122449 2689489.79591837 99
706953.06122449 2690612.24489796 99
706953.06122449 2691734.69387755 99
706953.06122449 2692857.14285714 99
706953.06122449 2693979.59183673 99
706953.06122449 2695102.04081633 99
706953.06122449 2696224.48979592 99
706953.06122449 2697346.93877551 99
706953.06122449 2698469.3877551 99
706953.06122449 2699591.83673469 99
706953.06122449 2700714.28571429 99
706953.06122449 2701836.73469388 99
706953.06122449 2702959.18367347 99
706953.06122449 2704081.63265306 99
706953.06122449 2705204.08163265 99
706953.06122449 2706326.53061224 99
706953.06122449 2707448.97959184 99
706953.06122449 2708571.42857143 99
706953.06122449 2709693.87755102 99
706953.06122449 2710816.32653061 99
706953.06122449 2711938.7755102 99
706953.06122449 2713061.2244898 99
706953.06122449 2714183.67346939 99
706953.06122449 2715306.12244898 99
706953.06122449 2716428.57142857 99
706953.06122449 2717551.02040816 99
706953.06122449 2718673.46938776 99
706953.06122449 2719795.91836735 99
706953.06122449 2720918.36734694 99
706953.06122449 2722040.81632653 99
706953.06122449 2723163.26530612 99
706953.06122449 2724285.71428571 99
706953.06122449 2725408.16326531 99
706953.06122449 2726530.6122449 99
706953.06122449 2727653.06122449 99
706953.06122449 2728775.51020408 99
706953.06122449 2729897.95918367 99
706953.06122449 2731020.40816327 99
706953.06122449 2732142.85714286 99
706953.06122449 2733265.30612245 99
706953.06122449 2734387.75510204 99
706953.06122449 2735510.20408163 99
706953.06122449 2736632.65306122 99
706953.06122449 2737755.10204082 99
706953.06122449 2738877.55102041 99
706953.06122449 2740000 99
708277.551020408 2685000 99
708277.551020408 2686122.44897959 99
708277.551020408 2687244.89795918 99
708277.551020408 2688367.34693878 99
708277.551020408 2689489.79591837 99
708277.551020408 2690612.24489796 99
708277.551020408 2691734.69387755 99
708277.551020408 2692857.14285714 99
708277.551020408 2693979.59183673 99
708277.551020408 2695102.04081633 99
708277.551020408 2696224.48979592 99
708277.551020408 2697346.93877551 99
708277.551020408 2698469.3877551 99
708277.551020408 2699591.83673469 99
708277.551020408 2700714.28571429 99
708277.551020408 2701836.73469388 99
708277.551020408 2702959.18367347 99
708277.551020408 2704081.63265306 99
708277.551020408 2705204.08163265 99
708277.551020408 2706326.53061224 99
708277.551020408 2707448.97959184 99
708277.551020408 2708571.42857143 99
708277.551020408 2709693.87755102 99
708277.551020408 2710816.32653061 99
708277.551020408 2711938.7755102 99
708277.551020408 2713061.2244898 99
708277.551020408 2714183.67346939 99
708277.551020408 2715306.12244898 99
708277.551020408 2716428.57142857 99
708277.551020408 2717551.02040816 99
708277.551020408 2718673.46938776 99
708277.551020408 2719795.91836735 99
708277.551020408 2720918.36734694 99
708277.551020408 2722040.81632653 99
708277.551020408 2723163.26530612 99
708277.551020408 2724285.71428571 99
708277.551020408 2725408.16326531 99
708277.551020408 2726530.6122449 99
708277.551020408 2727653.06122449 99
708277.551020408 2728775.51020408 99
708277.551020408 2729897.95918367 99
708277.551020408 2731020.40816327 99
708277.551020408 2732142.85714286 99
708277.551020408 2733265.30612245 99
708277.551020408 2734387.75510204 99
708277.551020408 2735510.20408163 99
708277.551020408 2736632.65306122 99
708277.551020408 2737755.10204082 99
708277.551020408 2738877.55102041 99
708277.551020408 2740000 99
709602.040816327 2685000 99
709602.040816327 2686122.44897959 99
709602.040816327 2687244.89795918 99
709602.040816327 2688367.34693878 99
709602.040816327 2689489.79591837 99
709602.040816327 2690612.24489796 99
709602.040816327 2691734.69387755 99
709602.040816327 2692857.14285714 99
709602.040816327 2693979.59183673 99
709602.040816327 2695102.04081633 99
709602.040816327 2696224.48979592 99
709602.040816327 2697346.93877551 99
709602.040816327 2698469.3877551 99
709602.040816327 2699591.83673469 99
709602.040816327 2700714.28571429 99
709602.040816327 2701836.73469388 99
709602.040816327 2702959.18367347 99
709602.040816327 2704081.63265306 99
709602.040816327 2705204.08163265 99
709602.040816327 2706326.53061224 99
709602.040816327 2707448.97959184 99
709602.040816327 2708571.42857143 99
709602.040816327 2709693.87755102 99
709602.040816327 2710816.32653061 99
709602.040816327 2711938.7755102 99
709602.040816327 2713061.2244898 99
709602.040816327 2714183.67346939 99
709602.040816327 2715306.12244898 99
709602.040816327 2716428.57142857 99
709602.040816327 2717551.02040816 99
709602.040816327 2718673.46938776 99
709602.040816327 2719795.91836735 99
709602.040816327 2720918.36734694 99
709602.040816327 2722040.81632653 99
709602.040816327 2723163.26530612 99
709602.040816327 2724285.71428571 99
709602.040816327 2725408.16326531 99
709602.040816327 2726530.6122449 99
709602.040816327 2727653.06122449 99
709602.040816327 2728775.51020408 99
709602.040816327 2729897.95918367 99
709602.040816327 2731020.40816327 99
709602.040816327 2732142.85714286 99
709602.040816327 2733265.30612245 99
709602.040816327 2734387.75510204 99
709602.040816327 2735510.20408163 99
709602.040816327 2736632.65306122 99
709602.040816327 2737755.10204082 99
709602.040816327 2738877.55102041 99
709602.040816327 2740000 99
710926.530612245 2685000 99
710926.530612245 2686122.44897959 99
710926.530612245 2687244.89795918 99
710926.530612245 2688367.34693878 99
710926.530612245 2689489.79591837 99
710926.530612245 2690612.24489796 99
710926.530612245 2691734.69387755 99
710926.530612245 2692857.14285714 99
710926.530612245 2693979.59183673 99
710926.530612245 2695102.04081633 99
710926.530612245 2696224.48979592 99
710926.530612245 2697346.93877551 99
710926.530612245 2698469.3877551 99
710926.530612245 2699591.83673469 99
710926.530612245 2700714.28571429 99
710926.530612245 2701836.73469388 99
710926.530612245 2702959.18367347 99
710926.530612245 2704081.63265306 99
710926.530612245 2705204.08163265 99
710926.530612245 2706326.53061224 99
710926.530612245 2707448.97959184 99
710926.530612245 2708571.42857143 99
710926.530612245 2709693.87755102 99
710926.530612245 2710816.32653061 99
710926.530612245 2711938.7755102 99
710926.530612245 2713061.2244898 99
710926.530612245 2714183.67346939 99
710926.530612245 2715306.12244898 99
710926.530612245 2716428.57142857 99
710926.530612245 2717551.02040816 99
710926.530612245 2718673.46938776 99
710926.530612245 2719795.91836735 99
710926.530612245 2720918.36734694 99
710926.530612245 2722040.81632653 99
710926.530612245 2723163.26530612 99
710926.530612245 2724285.71428571 99
710926.530612245 2725408.16326531 99
710926.530612245 2726530.6122449 99
710926.530612245 2727653.06122449 99
710926.530612245 2728775.51020408 99
710926.530612245 2729897.95918367 99
710926.530612245 2731020.40816327 99
710926.530612245 2732142.85714286 99
710926.530612245 2733265.30612245 99
710926.530612245 2734387.75510204 99
710926.530612245 2735510.20408163 99
710926.530612245 2736632.65306122 99
710926.530612245 2737755.10204082 99
710926.530612245 2738877.55102041 99
710926.530612245 2740000 99
712251.020408163 2685000 99
712251.020408163 2686122.44897959 99
712251.020408163 2687244.89795918 99
712251.020408163 2688367.34693878 99
712251.020408163 2689489.79591837 99
712251.020408163 2690612.24489796 99
712251.020408163 2691734.69387755 99
712251.020408163 2692857.14285714 99
712251.020408163 2693979.59183673 99
712251.020408163 2695102.04081633 99
712251.020408163 2696224.48979592 99
712251.020408163 2697346.93877551 99
712251.020408163 2698469.3877551 99
712251.020408163 2699591.83673469 99
712251.020408163 2700714.28571429 99
712251.020408163 2701836.73469388 99
712251.020408163 2702959.18367347 99
712251.020408163 2704081.63265306 99
712251.020408163 2705204.08163265 99
712251.020408163 2706326.53061224 99
712251.020408163 2707448.97959184 99
712251.020408163 2708571.42857143 99
712251.020408163 2709693.87755102 99
712251.020408163 2710816.32653061 99
712251.020408163 2711938.7755102 99
712251.020408163 2713061.2244898 99
712251.020408163 2714183.67346939 99
712251.020408163 2715306.12244898 99
712251.020408163 2716428.57142857 99
712251.020408163 2717551.02040816 99
712251.020408163 2718673.46938776 99
712251.020408163 2719795.91836735 99
712251.020408163 2720918.36734694 99
712251.020408163 2722040.81632653 99
712251.020408163 2723163.26530612 99
712251.020408163 2724285.71428571 99
712251.020408163 2725408.16326531 99
712251.020408163 2726530.6122449 99
712251.020408163 2727653.06122449 99
712251.020408163 2728775.51020408 99
712251.020408163 2729897.95918367 99
712251.020408163 2731020.40816327 99
712251.020408163 2732142.85714286 99
712251.020408163 2733265.30612245 99
712251.020408163 2734387.75510204 99
712251.020408163 2735510.20408163 99
712251.020408163 2736632.65306122 99
712251.020408163 2737755.10204082 99
712251.020408163 2738877.55102041 99
712251.020408163 2740000 99
713575.510204082 2685000 99
713575.510204082 2686122.44897959 99
713575.510204082 2687244.89795918 99
713575.510204082 2688367.34693878 99
713575.510204082 2689489.79591837 99
713575.510204082 2690612.24489796 99
713575.510204082 2691734.69387755 99
713575.510204082 2692857.14285714 99
713575.510204082 2693979.59183673 99
713575.510204082 2695102.04081633 99
713575.510204082 2696224.48979592 99
713575.510204082 2697346.93877551 99
713575.510204082 2698469.3877551 99
713575.510204082 2699591.83673469 99
713575.510204082 2700714.28571429 99
713575.510204082 2701836.73469388 99
713575.510204082 2702959.18367347 99
713575.510204082 2704081.63265306 99
713575.510204082 2705204.08163265 99
713575.510204082 2706326.53061224 99
713575.510204082 2707448.97959184 99
713575.510204082 2708571.42857143 99
713575.510204082 2709693.87755102 99
713575.510204082 2710816.32653061 99
713575.510204082 2711938.7755102 99
713575.510204082 2713061.2244898 99
713575.510204082 2714183.67346939 99
713575.510204082 2715306.12244898 99
713575.510204082 2716428.57142857 99
713575.510204082 2717551.02040816 99
713575.510204082 2718673.46938776 99
713575.510204082 2719795.91836735 99
713575.510204082 2720918.36734694 99
713575.510204082 2722040.81632653 99
713575.510204082 2723163.26530612 99
713575.510204082 2724285.71428571 99
713575.510204082 2725408.16326531 99
713575.510204082 2726530.6122449 99
713575.510204082 2727653.06122449 99
713575.510204082 2728775.51020408 99
713575.510204082 2729897.95918367 99
713575.510204082 2731020.40816327 99
713575.510204082 2732142.85714286 99
713575.510204082 2733265.30612245 99
713575.510204082 2734387.75510204 99
713575.510204082 2735510.20408163 99
713575.510204082 2736632.65306122 99
713575.510204082 2737755.10204082 99
713575.510204082 2738877.55102041 99
713575.510204082 2740000 99
714900 2685000 99
714900 2686122.44897959 99
714900 2687244.89795918 99
714900 2688367.34693878 99
714900 2689489.79591837 99
714900 2690612.24489796 99
714900 2691734.69387755 99
714900 2692857.14285714 99
714900 2693979.59183673 99
714900 2695102.04081633 99
714900 2696224.48979592 99
714900 2697346.93877551 99
714900 2698469.3877551 99
714900 2699591.83673469 99
714900 2700714.28571429 99
714900 2701836.73469388 99
714900 2702959.18367347 99
714900 2704081.63265306 99
714900 2705204.08163265 99
714900 2706326.53061224 99
714900 2707448.97959184 99
714900 2708571.42857143 99
714900 2709693.87755102 99
714900 2710816.32653061 99
714900 2711938.7755102 99
714900 2713061.2244898 99
714900 2714183.67346939 99
714900 2715306.12244898 99
714900 2716428.57142857 99
714900 2717551.02040816 99
714900 2718673.46938776 99
714900 2719795.91836735 99
714900 2720918.36734694 99
714900 2722040.81632653 99
714900 2723163.26530612 99
714900 2724285.71428571 99
714900 2725408.16326531 99
714900 2726530.6122449 99
714900 2727653.06122449 99
714900 2728775.51020408 99
714900 2729897.95918367 99
714900 2731020.40816327 99
714900 2732142.85714286 99
714900 2733265.30612245 99
714900 2734387.75510204 99
714900 2735510.20408163 99
714900 2736632.65306122 99
714900 2737755.10204082 99
714900 2738877.55102041 99
714900 2740000 99
