1 1 1
0.98824 0.99608 1
0.98039 0.99216 1
0.96863 0.98824 0.99608
0.95686 0.98431 0.99608
0.94902 0.98039 0.99608
0.93725 0.97647 0.99608
0.92549 0.97255 0.99216
0.91765 0.96863 0.99216
0.90588 0.96471 0.99216
0.89804 0.96078 0.99216
0.88627 0.95686 0.99216
0.87451 0.95294 0.98824
0.86667 0.94902 0.98824
0.8549 0.9451 0.98824
0.84314 0.94118 0.98824
0.83529 0.93725 0.98824
0.82353 0.93333 0.98431
0.81176 0.92941 0.98431
0.80392 0.92549 0.98431
0.79216 0.92157 0.98431
0.78039 0.91765 0.98039
0.77255 0.91373 0.98039
0.76078 0.9098 0.98039
0.74902 0.90588 0.98039
0.74118 0.90196 0.98039
0.72941 0.89804 0.97647
0.71765 0.89412 0.97647
0.7098 0.8902 0.97647
0.69804 0.88627 0.97647
0.6902 0.88235 0.97647
0.67843 0.87843 0.97255
0.66667 0.87451 0.97255
0.65882 0.87059 0.97255
0.64706 0.86667 0.97255
0.63529 0.86275 0.96863
0.61569 0.8549 0.96863
0.60784 0.84706 0.96471
0.59608 0.83922 0.96078
0.58824 0.83137 0.95294
0.58039 0.82353 0.94902
0.57255 0.81569 0.9451
0.56078 0.80784 0.94118
0.55294 0.8 0.93333
0.5451 0.79216 0.92941
0.53333 0.78431 0.92549
0.52549 0.77255 0.92157
0.51765 0.76471 0.91765
0.50588 0.75686 0.9098
0.49804 0.74902 0.90588
0.4902 0.74118 0.90196
0.48235 0.73333 0.89804
0.47059 0.72549 0.89412
0.46275 0.71765 0.88627
0.4549 0.7098 0.88235
0.44314 0.70196 0.87843
0.43529 0.69412 0.87451
0.42745 0.68627 0.86667
0.41569 0.67843 0.86275
0.40784 0.67059 0.85882
0.4 0.66275 0.8549
0.39216 0.6549 0.85098
0.38039 0.64706 0.84314
0.37255 0.63922 0.83922
0.36471 0.62745 0.83529
0.35294 0.61961 0.83137
0.3451 0.61176 0.82745
0.33725 0.60392 0.81961
0.32549 0.59608 0.81569
0.31765 0.58824 0.81176
0.3098 0.58039 0.80784
0.30196 0.57255 0.8
0.28235 0.55686 0.79216
0.28235 0.56078 0.77647
0.28235 0.56471 0.76471
0.28235 0.56863 0.74902
0.28235 0.57255 0.73725
0.28235 0.57647 0.72157
0.28235 0.58039 0.7098
0.28235 0.58431 0.69412
0.28235 0.58824 0.67843
0.28235 0.59216 0.66667
0.28235 0.6 0.65098
0.28235 0.60392 0.63922
0.28235 0.60784 0.62353
0.28235 0.61176 0.61176
0.28235 0.61569 0.59608
0.28235 0.61961 0.58039
0.28235 0.62353 0.56863
0.28235 0.62745 0.55294
0.28235 0.63137 0.54118
0.28627 0.63529 0.52549
0.28627 0.63922 0.51373
0.28627 0.64314 0.49804
0.28627 0.64706 0.48627
0.28627 0.65098 0.47059
0.28627 0.6549 0.4549
0.28627 0.65882 0.44314
0.28627 0.66275 0.42745
0.28627 0.66667 0.41569
0.28627 0.67451 0.4
0.28627 0.67843 0.38824
0.28627 0.68235 0.37255
0.28627 0.68627 0.35686
0.28627 0.6902 0.3451
0.28627 0.69412 0.32941
0.28627 0.69804 0.31765
0.28627 0.70196 0.30196
0.28627 0.7098 0.27451
0.30588 0.71373 0.27843
0.32549 0.72157 0.27843
0.34118 0.72549 0.28235
0.36078 0.73333 0.28235
0.38039 0.73725 0.28627
0.4 0.74118 0.2902
0.41569 0.74902 0.2902
0.43529 0.75294 0.29412
0.4549 0.75686 0.29412
0.47451 0.76471 0.29804
0.49412 0.76863 0.30196
0.5098 0.77647 0.30196
0.52941 0.78039 0.30588
0.54902 0.78431 0.30588
0.56863 0.79216 0.3098
0.58824 0.79608 0.31373
0.60392 0.8 0.31373
0.62353 0.80784 0.31765
0.64314 0.81176 0.31765
0.66275 0.81961 0.32157
0.67843 0.82353 0.32157
0.69804 0.82745 0.32549
0.71765 0.83529 0.32941
0.73725 0.83922 0.32941
0.75686 0.84314 0.33333
0.77255 0.85098 0.33333
0.79216 0.8549 0.33725
0.81176 0.86275 0.34118
0.83137 0.86667 0.34118
0.85098 0.87059 0.3451
0.86667 0.87843 0.3451
0.88627 0.88235 0.34902
0.90588 0.88627 0.35294
0.92549 0.89412 0.35294
0.94118 0.89804 0.35686
0.96078 0.90588 0.35686
0.98039 0.9098 0.36078
0.98039 0.89804 0.35686
0.98039 0.88235 0.34902
0.98039 0.87059 0.3451
0.97647 0.8549 0.33725
0.97647 0.84314 0.33333
0.97647 0.83137 0.32941
0.97647 0.81569 0.32157
0.97647 0.80392 0.31765
0.97647 0.78824 0.31373
0.97647 0.77647 0.30588
0.97647 0.76471 0.30196
0.97255 0.74902 0.29412
0.97255 0.73725 0.2902
0.97255 0.72157 0.28627
0.97255 0.7098 0.27843
0.97255 0.69804 0.27451
0.97255 0.68235 0.27059
0.97255 0.67059 0.26275
0.96863 0.6549 0.25882
0.96863 0.64314 0.25098
0.96863 0.62745 0.24706
0.96863 0.61569 0.24314
0.96863 0.60392 0.23529
0.96863 0.58824 0.23137
0.96863 0.57647 0.22745
0.96471 0.56078 0.21961
0.96471 0.54902 0.21569
0.96471 0.53725 0.20784
0.96471 0.52157 0.20392
0.96471 0.5098 0.2
0.96471 0.49412 0.19216
0.96471 0.48235 0.18824
0.96471 0.47059 0.18431
0.96078 0.4549 0.17647
0.96078 0.44314 0.17255
0.96078 0.41569 0.16078
0.95686 0.40784 0.16078
0.95294 0.4 0.16078
0.94902 0.39216 0.16078
0.9451 0.38431 0.16078
0.94118 0.37647 0.16078
0.93725 0.36863 0.16078
0.93725 0.36078 0.16078
0.93333 0.35294 0.16078
0.92941 0.3451 0.16078
0.92549 0.33725 0.16078
0.92157 0.32941 0.16078
0.91765 0.32157 0.16078
0.91373 0.31373 0.16078
0.9098 0.30588 0.16078
0.90588 0.29804 0.16078
0.90196 0.2902 0.16078
0.89804 0.28235 0.16078
0.89412 0.27451 0.16078
0.89412 0.26275 0.15686
0.8902 0.2549 0.15686
0.88627 0.24706 0.15686
0.88235 0.23922 0.15686
0.87843 0.23137 0.15686
0.87451 0.22353 0.15686
0.87059 0.21569 0.15686
0.86667 0.20784 0.15686
0.86275 0.2 0.15686
0.85882 0.19216 0.15686
0.8549 0.18431 0.15686
0.85098 0.17647 0.15686
0.85098 0.16863 0.15686
0.84706 0.16078 0.15686
0.84314 0.15294 0.15686
0.83922 0.1451 0.15686
0.83529 0.13725 0.15686
0.82745 0.12157 0.15686
0.81961 0.12157 0.15686
0.81176 0.11765 0.15294
0.80784 0.11765 0.15294
0.8 0.11765 0.14902
0.79216 0.11765 0.14902
0.78431 0.11373 0.14902
0.78039 0.11373 0.1451
0.77255 0.11373 0.1451
0.76471 0.11373 0.14118
0.75686 0.1098 0.14118
0.75294 0.1098 0.14118
0.7451 0.1098 0.13725
0.73725 0.10588 0.13725
0.72941 0.10588 0.13333
0.72549 0.10588 0.13333
0.71765 0.10588 0.13333
0.7098 0.10196 0.12941
0.70196 0.10196 0.12941
0.69804 0.10196 0.12549
0.6902 0.10196 0.12549
0.68235 0.098039 0.12157
0.67451 0.098039 0.12157
0.67059 0.098039 0.12157
0.66275 0.098039 0.11765
0.6549 0.094118 0.11765
0.64706 0.094118 0.11373
0.64314 0.094118 0.11373
0.63529 0.090196 0.11373
0.62745 0.090196 0.1098
0.61961 0.090196 0.1098
0.61569 0.090196 0.10588
0.60784 0.086275 0.10588
0.6 0.086275 0.10588
0.59216 0.086275 0.10196
0.58824 0.086275 0.10196
0.57255 0.082353 0.098039